# wl,abs, wl,em,Data copyright Molecular Probes
300,7.357841524,520,0.134195747
301,6.653704645,521,0.089759145
302,6.123059436,522,0.054833026
303,5.733540726,523,0.047726868
304,5.42251204,524,0.043255309
305,5.15090784,525,0.044563197
306,4.924112351,526,0.046513136
307,4.70401723,527,0.054222037
308,4.51796237,528,0.057865791
309,4.357632138,529,0.053184919
310,4.209865095,530,0.056575818
311,4.088959349,531,0.065249876
312,3.995094373,532,0.067257908
313,3.9268942,533,0.070047619
314,3.864676498,534,0.080125008
315,3.821602704,535,0.088394826
316,3.795878077,536,0.095803162
317,3.796476324,537,0.099090792
318,3.818013221,538,0.11642805
319,3.854506297,539,0.121246737
320,3.893990608,540,0.143641193
321,3.937662648,541,0.163350558
322,4.006461069,542,0.174902871
323,4.073464748,543,0.214709854
324,4.160210583,544,0.227895287
325,4.246956418,545,0.271258784
326,4.352846161,546,0.299448638
327,4.455744668,547,0.335102037
328,4.565223894,548,0.386055004
329,4.675839789,549,0.463079005
330,4.824863151,550,0.53769372
331,4.915198468,551,0.615965447
332,5.059974275,552,0.704771679
333,5.170051748,553,0.834610247
334,5.300469624,554,0.975140892
335,5.417127816,555,1.142583429
336,5.533786007,556,1.315774004
337,5.645658221,557,1.564162389
338,5.768897131,558,1.789869529
339,5.8903413,559,2.096242288
340,5.995034549,560,2.514190443
341,6.089557596,561,3.027877424
342,6.216385989,562,3.593338301
343,6.317489755,563,4.302468677
344,6.409021567,564,5.00085142
345,6.495169154,565,5.905355574
346,6.58370973,566,6.93393078
347,6.671652059,567,8.023379105
348,6.747629446,568,9.195054974
349,6.837964763,569,10.57076777
350,6.921121115,570,12.29658063
351,7.000089737,571,14.07723385
352,7.089826807,572,16.06915526
353,7.162214711,573,18.29331853
354,7.244772816,574,20.72020708
355,7.330322156,575,23.39275517
356,7.426041698,576,26.3983647
357,7.512787533,577,29.23469266
358,7.59893512,578,32.91799569
359,7.698244145,579,36.27500154
360,7.764649577,580,40.05388365
361,7.843618199,581,44.07414155
362,7.902246418,582,47.94842314
363,7.926176303,583,52.01597112
364,7.928569292,584,56.24654011
365,7.935748258,585,60.31584029
366,7.896263947,586,64.47176378
367,7.828063773,587,68.76199975
368,7.763453082,588,72.73613638
369,7.676707248,589,76.84018255
370,7.599533367,590,80.34292425
371,7.51338578,591,83.37450964
372,7.424845204,592,86.73978316
373,7.339295863,593,89.49420442
374,7.274086925,594,91.79407151
375,7.205288505,595,94.37145657
376,7.138883073,596,96.20606234
377,7.094014537,597,98.07206745
378,7.049744249,598,99.07627406
379,7.050940744,599,99.94417593
380,7.036582812,600,100
381,7.039574048,601,99.84357953
382,7.018037151,602,99.2456825
383,7.001884478,603,98.47880941
384,6.956417696,604,97.89965188
385,6.887021028,605,96.98987981
386,6.779336544,606,96.53596071
387,6.65071341,607,95.28096177
388,6.492776166,608,93.35252067
389,6.300140588,609,90.95039805
390,6.084173372,610,89.03438292
391,5.860428943,611,87.17203127
392,5.620531842,612,85.3734619
393,5.360294338,613,83.11930794
394,5.102449822,614,81.36258195
395,4.852980766,615,79.48849868
396,4.59208519,616,77.54958533
397,4.347461937,617,75.40682307
398,4.119529778,618,73.25615273
399,3.895187102,619,71.50366273
400,3.68041638,620,69.53508429
401,3.492566779,621,67.4733904
402,3.304118932,622,65.66637541
403,3.112081601,623,63.92868445
404,2.936196943,624,62.12507788
405,2.772277228,625,60.54341826
406,2.610750501,626,59.54754655
407,2.462385211,627,58.35229192
408,2.318207652,628,56.629315
409,2.183003799,629,55.13675251
410,2.047799946,630,53.936754
411,1.93832072,631,53.22808017
412,1.821662529,632,51.83398711
413,1.720558763,633,50.45931617
414,1.615267267,634,49.59190521
415,1.520744219,635,48.25317152
416,1.429212408,636,47.78582408
417,1.349645539,637,46.46336859
418,1.289222578,638,46.04339267
419,1.206664473,639,45.4547526
420,1.153420478,640,44.49277818
421,1.091801023,641,44.03502255
422,1.043941252,642,43.17592888
423,1.001465705,643,42.66307788
424,0.955998923,644,41.85743771
425,0.927283061,645,41.34573226
426,0.888995244,646,40.9994446
427,0.860877629,647,40.69993856
428,0.848912686,648,40.17286111
429,0.808830128,649,39.25140648
430,0.800454668,650,39.20916324
431,0.783703748,651,38.41774796
432,0.762765098,652,38.08958487
433,0.75199665,653,37.53355756
434,0.731656247,654,36.97980853
435,0.721486046,655,36.49353
436,0.71011935,656,35.706726
437,0.709521103,657,35.56994566
438,0.706529867,658,34.99388618
439,0.717896563,659,34.3648363
440,0.713110586,660,33.54950412
441,0.710717597,661,33.02548403
442,0.731058,662,32.30072637
443,0.749005414,663,31.63881856
444,0.760970357,664,31.63734567
445,0.7729353,665,30.24186039
446,0.790284467,666,29.94671763
447,0.821393318,667,29.10807956
448,0.861475876,668,28.75289507
449,0.874039066,669,28.00760697
450,0.918907601,670,27.56223504
451,0.951811193,671,26.68696861
452,0.993688493,672,25.66431306
453,1.037958781,673,25.14902822
454,1.086416799,674,24.60892684
455,1.136669558,675,24.12396126
456,1.191708295,676,23.18086044
457,1.249738267,677,22.45301337
458,1.302982262,678,21.83748415
459,1.377164907,679,20.99902033
460,1.43698962,680,20.54318403
461,1.493224851,681,20.03377901
462,1.568005743,682,19.54307991
463,1.636205917,683,18.89667128
464,1.722353504,684,18.26811209
465,1.81508181,685,17.85538541
466,1.903622386,686,17.29191124
467,1.999341928,687,16.71823359
468,2.102240436,688,16.04739072
469,2.215907391,689,15.73186478
470,2.342735784,690,14.83745342
471,2.479734378,691,14.28582411
472,2.620322455,692,13.75737988
473,2.770482486,693,13.35864065
474,2.935598696,694,13.16362905
475,3.11028686,695,12.53290163
476,3.304717179,696,12.25934665
477,3.499745745,697,11.94627629
478,3.712721725,698,11.24464693
479,3.932278424,699,11.29188411
480,4.175166761,700,10.99164189
481,4.41147438,701,10.56085941
482,4.672310131,702,10.30845114
483,4.928958153,703,10.05495544
484,5.213125542,704,10.01465618
485,5.486524483,705,9.548109475
486,5.789835781,706,9.468130219
487,6.076396159,707,9.409253917
488,6.350991595,708,9.259765941
489,6.629176513,709,9.033016314
490,6.919924621,710,8.634935791
491,7.214262212,711,8.623761096
492,7.508599803,712,8.333360779
493,7.793963686,713,7.984649442
494,8.089497772,714,7.934785502
495,8.374861655,715,7.904598813
496,8.671592235,716,7.645638784
497,8.968322814,717,7.654146115
498,9.278813078,718,7.537834514
499,9.603661272,719,7.038187126
500,9.939876163,720,6.886937897
501,10.30420867,721,6.868970171
502,10.68828333,722,6.876579057
503,11.10047561,723,6.644280163
504,11.54616972,724,6.361520608
505,12.04271485,725,6.276688928
506,12.58771799,726,6.068981466
507,13.15844575,727,5.98186887
508,13.78780174,728,5.93654831
509,14.48894738,729,5.677925844
510,15.23256857,730,5.701917295
511,16.02524603,731,5.581234873
512,16.9094553,732,5.406061483
513,17.84750681,733,5.329182971
514,18.82683737,734,5.248509625
515,19.86599264,735,4.96873165
516,20.94822171,736,4.804262871
517,22.08130179,737,4.812872219
518,23.24309772,738,4.684791333
519,24.44258323,739,4.451779584
520,25.65164069,740,4.3366268
521,26.86967186,741,4.376047525
522,28.09248901,742,4.301939038
523,29.31470791,743,3.934736782
524,30.50880919,744,3.949443105
525,31.62154886,745,3.730204855
526,32.6995902,746,3.675149666
527,33.71960157,747,3.731058153
528,34.6528671,748,3.722423746
529,35.47964464,749,3.532960825
530,36.23283779,750,3.510122199
531,36.88073943,,
532,37.43651102,,
533,37.89417008,,
534,38.27226227,,
535,38.57557357,,
536,38.8298286,,
537,39.01827645,,
538,39.1953576,,
539,39.36346505
540,39.53755496
541,39.76907661
542,40.02991236
543,40.38826239
544,40.85250217
545,41.42143519
546,42.15368969
547,43.00254255
548,44.05372259
549,45.26696778
550,46.71173462
551,48.29350004
552,50.12413628
553,52.10672729
554,54.36211899
555,56.74134785
556,59.35090186
557,62.13454578
558,65.0450181
559,68.05120995
560,71.20816009
561,74.41117526
562,77.50770243
563,80.62397176
564,83.65529
565,86.61182735
566,89.35120098
567,91.92306542
568,94.15751847
569,96.14429721
570,97.72845563
571,98.91178846
572,99.65241841
573,100
574,99.79839072
575,99.09664682
576,97.83913135
577,96.18617451
578,93.9624899
579,91.33797972
580,88.24324729
581,84.78597709
582,80.96138315
583,76.82390596
584,72.57575304
585,68.14334001
586,63.60443899
587,58.9973378
588,54.54817385
589,50.05055188
590,45.78146032
591,41.62723221
592,37.73563459
593,34.03003201
594,30.57994077
595,27.42245222
596,24.51437289
597,21.81807305
598,19.33415094
599,17.15114714
600,15.13146481
601,13.34988484
602,11.71786665
603,10.28207352
604,8.976100027
605,7.842421704
606,6.854715683
607,5.986659089
608,5.214920284
609,4.536448207
610,3.963387275
611,3.444707008
612,2.999012892
613,2.605964524
614,2.269749634
615,1.979599773
616,1.72534474
617,1.513565254
618,1.313152463
619,1.159402949
620,1.005055188
621,0.881816278
622,0.77712303
623,0.681403488
624,0.608417337
625,0.534832939
626,0.48039245
627,0.431336185
628,0.38227992
629,0.347581586
630,0.309293769
631,0.282970895
632,0.251862044
633,0.232119889
634,0.219556699
635,0.20460052
636,0.192635578
637,0.180670635
638,0.172893422
639,0.149561784
640,0.147767043
641,0.142382818
642,0.139391583
643,0.133409111
644,0.122042416
645,0.117854686
646,0.116059944
647,0.116658191
648,0.116059944
649,0.118452933
650,0.098710777
