# wl,abs, wl,em,Data copyright Molecular Probes
250,29.0538,480,2.190578
251,26.73983,481,2.382968
252,24.82372,482,2.798784
253,23.21813,483,3.414461
254,21.94125,484,4.242237
255,20.84772,485,5.183945
256,20.03196,486,6.406491
257,19.36667,487,7.821444
258,18.78782,488,9.648853
259,18.31098,489,11.85444
260,17.9012,490,14.2859
261,17.44284,491,16.95952
262,17.00018,492,20.16307
263,16.4618,493,23.5924
264,15.82938,494,27.50657
265,15.20587,495,31.81613
266,14.60738,496,36.50989
267,14.00508,497,41.65536
268,13.48123,498,46.90846
269,13.09345,499,52.49255
270,12.66914,500,58.36443
271,12.36544,501,64.45845
272,12.18196,502,69.78471
273,12.03659,503,75.02947
274,12.01957,504,79.69635
275,12.06815,505,84.5294
276,12.14529,506,88.32968
277,12.25412,507,91.45538
278,12.41376,508,94.36555
279,12.61688,509,96.53281
280,12.87213,510,98.26234
281,13.16169,511,99.39495
282,13.46801,512,99.73402
283,13.76267,513,100
284,14.06126,514,99.20597
285,14.20139,515,98.44976
286,14.35462,516,97.16689
287,14.45939,517,95.69218
288,14.31271,518,93.53349
289,14.05341,519,91.54303
290,13.76018,520,89.2691
291,13.30443,521,86.91414
292,12.71903,522,84.255
293,12.20684,523,81.43048
294,11.58608,524,78.63647
295,10.93926,525,75.70837
296,10.37468,526,73.06116
297,9.710836,527,70.27601
298,9.067681,528,67.74593
299,8.55444,529,64.95918
300,7.984756,530,62.2592
301,7.494827,531,59.61837
302,7.080987,532,57.40145
303,6.685482,533,55.31965
304,6.34367,534,53.36053
305,6.115928,535,51.27073
306,5.924592,536,49.66839
307,5.773986,537,47.92969
308,5.671967,538,46.50771
309,5.59077,539,44.99512
310,5.660049,540,43.4291
311,5.732209,541,42.20969
312,5.83436,542,40.99881
313,6.014956,543,39.73705
314,6.300584,544,38.81694
315,6.475942,545,37.77945
316,6.764059,546,36.7508
317,7.155635,547,35.92004
318,7.494827,548,34.85967
319,7.784384,549,34.10355
320,8.224285,550,33.17745
321,8.44692,551,32.2379
322,8.718013,552,31.35664
323,9.053407,553,30.56042
324,9.14508,554,29.68196
325,9.209251,555,28.86924
326,9.240683,556,27.9654
327,9.045418,557,27.0647
328,8.926242,558,26.32039
329,8.423347,559,25.49921
330,8.17727,560,24.67586
331,7.83415,561,23.82815
332,7.515912,562,22.93479
333,7.117657,563,22.23315
334,6.786323,564,21.37377
335,6.413081,565,20.7274
336,5.975798,566,19.97198
337,5.55266,567,19.2781
338,5.188716,568,18.43063
339,4.778805,569,17.78054
340,4.421279,570,17.11153
341,4.072789,571,16.41781
342,3.712643,572,15.64109
343,3.402263,573,15.09251
344,3.097121,574,14.45278
345,2.809005,575,13.88622
346,2.547081,576,13.30974
347,2.362424,577,12.83742
348,2.133241,578,12.22464
349,1.919773,579,11.67419
350,1.795359,580,11.13184
351,1.633097,581,10.78749
352,1.555829,582,10.36888
353,1.430106,583,9.935638
354,1.335813,584,9.554373
355,1.299144,585,9.238505
356,1.23746,586,8.889459
357,1.230912,587,8.542126
358,1.216637,588,8.189599
359,1.195683,589,7.812224
360,1.17342,590,7.588455
361,1.189135,591,7.354112
362,1.228293,592,7.071423
363,1.20341,593,6.859805
364,1.27151,594,6.64625
365,1.262343,595,6.39506
366,1.296393,596,6.173125
367,1.283428,597,5.961147
368,1.34354,598,5.797018
369,1.348909,599,5.57791
370,1.403782,600,5.468862
371,1.439273,601,5.290354
372,1.447,602,5.050064
373,1.492967,603,4.934743
374,1.583331,604,4.797812
375,1.571545,605,4.602132
376,1.617381,606,4.443863
377,1.651301,607,4.320025
378,1.656539,608,4.210086
379,1.650122,609,4.05905
380,1.668457,610,3.930482
381,1.652741,611,3.750123
382,1.664528,612,3.658487
383,1.659289,613,3.557477
384,1.618691,614,3.37962
385,1.719401,615,3.294976
386,1.677624,616,3.176074
387,1.694518,617,3.05167
388,1.676183,618,2.967249
389,1.664528,619,2.892751
390,1.660468,620,2.728895
391,1.667016,621,2.654723
392,1.634406,622,2.522058
393,1.651301,623,2.415787
394,1.657849,624,2.339026
395,1.648812,625,2.215805
396,1.651301,626,2.152841
397,1.661908,627,2.084426
398,1.631656,628,1.940211
399,1.651301,629,1.877864
400,1.684172,630,1.81202
401,1.668457,631,1.761429
402,1.693339,632,1.680521
403,1.712853,633,1.632415
404,1.725949,634,1.581447
405,1.743105,635,1.529417
406,1.763928,636,1.505201
407,1.787632,637,1.446007
408,1.812515,638,1.407841
409,1.879174,639,1.380712
410,1.915975,640,1.35509
411,1.957752,641,1.263968
412,2.053485,642,1.223797
413,2.124073,643,1.186231
414,2.196102,644,1.151681
415,2.312659,645,1.104055
416,2.385998,646,1.092813
417,2.51565,647,1.057526
418,2.65853,648,1.021433
419,2.824852,649,0.9729505
420,2.985935,650,0.9656326
421,3.184997,651,0.9471923
422,3.416669,652,0.888855
423,3.652532,653,0.8717685
424,3.835747,654,0.8686666
425,4.091123,655,0.8528655
426,4.371513,656,0.810415
427,4.609733,657,0.7734315
428,4.933341,658,0.758573
429,5.213599,659,0.7285818
430,5.555279,660,0.7223607
431,5.919485,661,0.7258397
432,6.266534,662,0.6946145
433,6.630477,663,0.6809042
434,7.00647,664,0.6298677
435,7.398046,665,0.6262345
436,7.788313,666,0.6092508
437,8.217737,667,0.6040753
438,8.664449,668,0.5782999
439,9.120197,669,0.5823787
440,9.633437,670,0.5642126
441,10.24896,671,0.5493712
442,10.75709,672,0.5406137
443,11.44739,673,0.5284458
444,12.17161,674,0.5092857
445,12.95477,675,0.4809911
446,13.82043,,
447,14.76977,,
448,15.74819,,
449,16.77349,,
450,17.90382,,
451,19.0627,,
452,20.32924,,
453,21.61136,,
454,22.89478,,
455,24.24749,,
456,25.60308,,
457,26.95317
458,28.27732
459,29.60135
460,30.87299
461,32.09474
462,33.24327
463,34.36693
464,35.38058
465,36.4284
466,37.37657
467,38.3745
468,39.36706
469,40.4619
470,41.65235
471,42.93198
472,44.3778
473,46.03578
474,47.92936
475,49.97643
476,52.33898
477,54.90322
478,57.71484
479,60.70078
480,63.93161
481,67.32484
482,70.80843
483,74.46882
484,78.08337
485,81.72805
486,85.27201
487,88.71749
488,91.82784
489,94.63187
490,96.83072
491,98.60512
492,99.66985
493,100
494,99.57307
495,98.34058
496,96.17446
497,93.36926
498,89.83604
499,85.62823
500,80.83226
501,75.79153
502,70.28983
503,64.69905
504,58.95781
505,53.28571
506,47.75269
507,42.37919
508,37.43157
509,32.77325
510,28.56138
511,24.64693
512,21.24335
513,18.13157
514,15.48482
515,13.06857
516,11.02569
517,9.188297
518,7.624479
519,6.362005
520,5.251578
521,4.34388
522,3.553
523,2.913906
524,2.384688
525,1.959192
526,1.583331
527,1.279499
528,1.022683
529,0.842086
530,0.6402735
531,0.5474214
532,0.3914455
533,0.320857
534,0.2724011
535,0.1976217
536,0.1571545
537,0.10346
538,7.98E-02
539,3.52E-02
540,2.61E-02
541,2.49E-03
542,6.42E-03
543,-4.71E-02
544,-6.02E-02
545,-0.0641714
546,-6.02E-02
547,-9.15E-02
548,-0.0614212
549,-7.86E-02
550,-7.86E-02
