# wl,ex, wl,em
350,0.4253964,480,1.534257
351,0.6180262,481,0.9648563
352,0.4792361,482,0.9561118
353,0.904168,483,1.018413
354,0.9536704,484,1.262941
355,0.8601793,485,1.53278
356,0.9254854,486,1.88216
357,0.8092927,487,2.292399
358,1.009722,488,2.915561
359,1.148865,489,3.625441
360,1.180923,490,4.400453
361,0.9219868,491,5.45594
362,0.8115897,492,6.72723
363,0.7608256,493,8.132192
364,0.7838391,494,9.94593
365,0.9934072,495,11.8794
366,0.8673313,496,14.05568
367,0.9274726,497,16.39579
368,0.8247267,498,19.00826
369,0.7968351,499,22.45444
370,0.9588466,500,26.09812
371,0.9867128,501,29.25282
372,0.725581,502,33.99224
373,0.7904203,503,37.54683
374,0.7103227,504,41.89652
375,0.9272716,505,46.20787
376,0.7978172,506,51.12433
377,0.7152539,507,55.95016
378,0.8415125,508,59.57214
379,0.7923545,509,64.04723
380,0.8085972,510,68.59813
381,0.7917143,511,73.30545
382,0.823562,512,77.12437
383,0.6869672,513,80.93763
384,0.651919,514,84.08819
385,0.7443171,515,87.41345
386,0.6425209,516,90.10305
387,0.7099969,517,92.58654
388,0.6815622,518,94.47312
389,0.8846762,519,96.9283
390,0.8500994,520,97.94698
391,0.7300525,521,98.77916
392,0.7838321,522,99.41616
393,0.8932586,523,99.55036
394,0.8807641,524,100
395,0.9978741,525,99.90022
396,1.002348,526,98.60532
397,0.9698853,527,98.04108
398,0.9381348,528,97.74917
399,1.091936,529,96.80587
400,1.109336,530,94.43174
401,1.223798,531,93.74943
402,1.250308,532,91.7683
403,1.349777,533,90.90604
404,1.50976,534,89.53402
405,1.455772,535,88.48877
406,1.658648,536,87.18559
407,1.829076,537,84.93694
408,1.734595,538,84.33218
409,2.038466,539,82.29092
410,2.359485,540,81.09013
411,2.325562,541,79.8157
412,2.309192,542,78.74735
413,2.336793,543,77.08124
414,2.686812,544,76.02292
415,2.803185,545,75.32492
416,3.376615,546,74.20387
417,3.386482,547,73.24489
418,3.793417,548,71.68333
419,4.157949,549,71.36004
420,4.580829,550,69.76625
421,4.82744,551,70.01721
422,5.009301,552,67.77988
423,5.190353,553,68.0644
424,5.575221,554,67.6361
425,6.163185,555,65.91116
426,6.470894,556,64.32391
427,7.296527,557,64.16749
428,7.129847,558,63.25817
429,8.304852,559,61.92014
430,8.405697,560,61.77766
431,8.761864,561,59.99651
432,10.0617,562,58.99745
433,10.63954,563,57.96963
434,11.59026,564,56.9636
435,11.83174,565,56.08784
436,12.75348,566,55.62948
437,13.86491,567,53.8052
438,14.25708,568,53.02137
439,15.47532,569,51.14437
440,16.26357,570,49.96667
441,17.14128,571,49.56234
442,18.10266,572,48.0522
443,18.64658,573,47.14768
444,19.66625,574,45.68503
445,20.74415,575,44.77703
446,22.13055,576,43.61109
447,22.3089,577,42.102
448,23.38318,578,41.54739
449,25.26349,579,40.13742
450,26.92612,580,38.47592
451,27.74346,581,38.42459
452,28.8307,582,37.71313
453,30.94025,583,36.1965
454,32.293,584,35.7157
455,34.43143,585,34.25428
456,35.64115,586,33.77182
457,38.64822,587,32.32211
458,39.49675,588,31.12524
459,42.52716,589,30.89929
460,44.31157,590,29.99425
461,45.879,591,28.81258
462,48.53506,592,28.15576
463,50.84287,593,27.88515
464,52.85744,594,27.40318
465,54.98733,595,26.06897
466,56.79069,596,25.77932
467,58.20491,597,25.36257
468,59.79891,598,24.27013
469,60.94924,599,23.9143
470,62.45959,600,23.06821
471,63.35018,601,22.34037
472,64.13609,602,22.12862
473,65.49854,603,21.16803
474,65.34118,604,20.7576
475,66.58949,605,20.23153
476,66.95297,606,19.74703
477,68.52641,607,19.51798
478,69.16951,608,18.94042
479,69.80637,609,18.31745
480,71.40131,610,17.66508
481,72.59115,611,17.10481
482,74.87354,612,16.81956
483,76.14935,613,16.73381
484,77.49493,614,15.7215
485,79.73758,615,15.36096
486,81.65256,616,15.32601
487,84.51382,617,15.04673
488,85.74756,618,14.53169
489,88.61228,619,14.19018
490,90.95869,620,13.79483
491,93.20781,621,13.87861
492,95.10822,622,13.03174
493,96.95248,623,12.60462
494,98.9056,624,12.4432
495,100.0455,625,12.18918
496,99.30121,626,11.57798
497,100,627,11.11705
498,99.95263,628,11.35734
499,99.28065,629,10.95798
500,96.58807,630,10.37775
501,94.23982,631,10.00972
502,92.38932,632,9.689519
503,86.91499,633,9.620722
504,83.06816,634,9.537721
505,78.86201,635,8.821166
506,73.66129,636,8.597129
507,68.36604,637,8.43679
508,62.24006,638,7.954948
509,56.38699,639,8.001481
510,51.73254,640,8.212709
511,46.72384,641,7.678844
512,41.86603,642,7.345228
513,37.91106,643,7.384877
514,33.65038,644,7.053526
515,29.44538,645,6.900116
516,25.73929,646,6.600527
517,22.76039,647,6.276191
518,19.96483,648,6.091541
519,17.08712,649,5.506786
520,14.7095,650,5.906672
521,12.72889,651,5.943838
522,10.88553,652,5.436638
523,9.762285,653,5.466963
524,8.300531,654,5.218874
525,7.087929,655,4.980807
526,5.690253,656,4.773457
527,4.952178,657,4.433349
528,4.285391,658,4.79986
529,3.802245,659,4.728928
530,2.896635,660,4.599874
531,2.564293,661,4.123796
532,2.158263,662,4.136096
533,1.831349,663,3.874845
534,1.505515,664,4.041331
535,1.189263,665,3.931773
536,1.051178,666,3.658088
537,1.011131,667,3.908485
538,0.8707767,668,3.274156
539,0.6330211,669,3.189147
540,0.533129,670,3.717857
,,671,3.355075
,,672,3.222909
,,673,3.2411
,,674,2.54562
,,675,2.736039
,,676,2.770869
,,677,2.944479
,,678,2.65282
,,679,2.614487
,,680,2.503361
,,681,2.413328
,,682,2.395251
,,683,2.300869
,,684,2.533194
,,685,2.129146
,,686,2.104398
,,687,2.104625
,,688,1.945141
,,689,2.212736
,,690,1.968006
,,691,1.743973
,,692,1.682356
,,693,1.476483
,,694,1.754086
,,695,1.48494
,,696,1.503993
,,697,1.343995
,,698,1.331207
,,699,1.378873
,,700,1.458846
,,701,1.351716
,,702,1.209982
,,703,0.9028342
,,704,1.240978
,,705,1.223589
,,706,0.870893
,,707,1.051552
,,708,1.133747
,,709,0.9392894
,,710,0.8455439
,,711,0.6777945
,,712,0.7948108
,,713,0.8780297
,,714,0.9263273
,,715,0.7879791
,,716,0.5320219
,,717,0.7310808
,,718,0.4675512
,,719,0.5522384
,,720,0.6790144
,,721,0.4044115
,,722,0.8191099
,,723,0.4146936
,,724,0.5458946
Data Copyright MP Inc.