# wl,ex, wl,em,Data copyright Molecular Probes
450,1.042066134,530,0.277613913
451,1.137638963,531,0.306253726
452,1.198926735,532,0.33986798
453,1.252463558,533,0.398260389
454,1.3592857,534,0.468894826
455,1.4306482,535,0.544467321
456,1.495894746,536,0.646717235
457,1.584846343,537,0.786614971
458,1.672641795,538,0.978075622
459,1.83027896,539,1.221016032
460,1.994280089,540,1.490039354
461,2.193022826,541,1.849731813
462,2.330338843,542,2.309680954
463,2.555551339,543,2.812990359
464,2.713607289,544,3.450315039
465,2.981181126,545,4.16568175
466,3.17406154,546,5.058827849
467,3.446404165,547,6.167872299
468,3.660337583,548,7.489778621
469,3.940987046,549,9.0528593
470,4.271003315,550,10.88430101
471,4.650401367,551,12.99892585
472,4.945493135,552,15.30660748
473,5.17447457,553,18.10566452
474,5.520207216,554,21.13959866
475,5.832586991,555,24.62867751
476,6.148461278,556,28.32928672
477,6.412655752,557,32.601554
478,6.771762864,558,36.9925241
479,7.037648198,559,41.94768245
480,7.332463008,560,46.97062984
481,7.559971775,561,52.50352819
482,7.885460065,562,57.83458448
483,8.245967726,563,63.56060915
484,8.609328935,564,69.25896149
485,8.925644096,565,74.78881879
486,9.296399039,566,80.07674652
487,9.655783064,567,84.61794273
488,10.06021312,568,88.54286824
489,10.52192628,569,92.02481092
490,11.13453653,570,95.01856607
491,11.75899118,571,97.08010117
492,12.27551795,572,99.02809
493,12.96395992,573,99.49201922
494,13.81338354,574,100
495,14.64280291,575,99.58832915
496,15.52370254,576,98.25355911
497,16.45346567,577,96.706197
498,17.75598591,578,94.67604935
499,18.82072468,579,92.21141061
500,20.18441956,580,89.69292464
501,21.42269367,581,87.30177083
502,22.6614136,582,84.24002155
503,23.97103257,583,81.04027194
504,25.28228495,584,77.62361139
505,26.67653145,585,74.3618762
506,28.01226863,586,71.26989047
507,29.11351402,587,68.29494308
508,30.5723702,588,65.28033206
509,31.52353945,589,62.42054952
510,32.49489153,590,59.62522396
511,33.367882,591,56.94358433
512,34.15583013,592,54.25113669
513,34.55382864,593,51.71408078
514,34.93562564,594,49.45523785
515,35.17776933,595,47.48261899
516,34.91313925,596,45.55846885
517,34.94233353,597,43.73604674
518,34.80217636,598,42.07911416
519,34.64494962,599,40.36830675
520,34.21060028,600,38.82884227
521,34.03327734,601,37.50825755
522,33.84851895,602,36.10842288
523,33.89222478,603,34.9145818
524,33.78726661,604,34.00211237
525,33.87720451,605,33.04976942
526,34.35541195,606,32.46999183
527,34.91324439,607,31.85603093
528,35.50474323,608,31.11183943
529,36.44943501,609,30.42535507
530,37.65174112,610,29.76390875
531,39.14389547,611,29.41099665
532,40.69491828,612,29.27190273
533,42.56404175,613,28.97478445
534,44.69483313,614,28.84960986
535,46.81180408,615,28.63912552
536,49.42132741,616,28.34636776
537,52.18711024,617,28.03379107
538,55.07882313,618,27.92749253
539,58.43537589,619,27.68291309
540,61.72674581,620,27.48300682
541,65.19587098,621,27.27126424
542,68.61608772,622,26.9063535
543,72.45958895,623,26.70133275
544,76.01560425,624,26.2014267
545,79.73083665,625,25.85249166
546,83.31639127,626,25.46337835
547,86.58642576,627,25.10728527
548,89.71363838,628,24.63710549
549,92.74491554,629,24.06502718
550,95.28189932,630,23.51471328
551,97.43273653,631,23.00875678
552,99.04404223,632,22.29966571
553,99.75314589,633,21.40934291
554,100,634,20.73394511
555,99.56437047,635,20.09709435
556,98.24375277,636,19.27590506
557,96.40934313,637,18.59954051
558,93.66629728,638,17.82912612
559,90.00876577,639,17.24940297
560,86.51317599,640,16.71429474
561,82.50949292,641,16.11165683
562,77.88697256,642,15.57532173
563,72.58686197,643,14.95398554
564,67.18108402,644,14.42713449
565,61.78861631,645,13.88855587
566,56.4009691,646,13.34451745
567,51.00746175,647,12.86795727
568,46.26141813,648,12.19989711
569,41.21807434,649,11.75081868
570,36.56815441,650,11.2712799
571,32.02073159,651,10.83211929
572,28.15147025,652,10.49609154
573,24.46351628,653,10.12225478
574,21.14085315,654,9.702122069
575,18.29176024,655,9.438115086
576,15.75499047,656,9.038258209
577,13.62453051,657,8.750342735
578,11.7088806,658,8.434118214
579,10.04416871,659,8.093148649
580,8.632759818,660,7.810421245
581,7.357182603,661,7.52967321
582,6.332925832,662,7.241680478
583,5.456750396,663,7.085839959
584,4.69076783,664,7.03195918
585,4.046192736,665,6.658381973
586,3.455798755,666,6.503680479
587,2.897876236,667,6.283633416
588,2.416181201,668,6.244667953
589,2.078498863,669,6.052243583
590,1.73659295,670,5.919947833
591,1.505813972,671,5.775109201
592,1.353863508,672,5.5966398
593,1.200405651,673,5.438409138
594,1.056981147,674,5.202432324
595,0.90778566,675,5.111479212
596,0.838876884,676,4.90125859
597,0.727425144,677,4.754607563
598,0.650550232,678,4.659781333
599,0.587925877,679,4.516900404
600,0.526358537,680,4.453211923
,,681,4.344238004
,,682,4.215817947
,,683,4.181443199
,,684,4.106111548
,,685,3.999191605
,,686,3.916172267
,,687,3.799315026
,,688,3.747945444
,,689,3.678775206
,,690,3.579730164
,,691,3.474946043
,,692,3.412317711
,,693,3.347976545
,,694,3.285251603
,,695,3.20784908
,,696,3.106670336
,,697,3.032108791
,,698,2.948515788
,,699,2.846033293
,,700,2.772597081
,,701,2.686115198
,,702,2.615727657
,,703,2.544817863
,,704,2.483838291
,,705,2.409852799
,,706,2.324227709
,,707,2.292524476
,,708,2.175835474
,,709,2.078017497
,,710,1.995046566
,,711,1.946425329
,,712,1.94047652
,,713,1.850661346
,,714,1.749844592
,,715,1.705012971
,,716,1.709500186
,,717,1.664209025
,,718,1.614592984
,,719,1.598308779
,,720,1.528042609
,,721,1.481323015
,,722,1.429628513
,,723,1.413634975
,,724,1.363903756
,,725,1.284591281
,,726,1.239736204
,,727,1.227021048
,,728,1.172470528
,,729,1.14587809
,,730,1.096055976
,,731,1.049192612
,,732,0.99482027
,,733,0.974977448
,,734,0.926772157
,,735,0.943579024
,,736,0.932414854
,,737,0.938671649
,,738,0.937828658
,,739,0.930677507
,,740,0.894653925
,,741,0.864330461
,,742,0.808967798
,,743,0.814756946
,,744,0.777572301
,,745,0.74953099
,,746,0.737667989
,,747,0.703091361
,,748,0.715560526
,,749,0.70412777
,,750,0.701947425
