# wl,ex, wl,em,Data copyright Molecular Probes, Inc.
400,1.618899149,610,0.544783118
401,1.59358303,611,0.607854631
402,1.566934485,612,0.726260258
403,1.57892633,613,0.84982415
404,1.56426963,614,0.954865182
405,1.550945357,615,1.022274326
406,1.574929048,616,1.17936694
407,1.537621084,617,1.36869871
408,1.533623802,618,1.555685815
409,1.509640111,619,1.785463072
410,1.506975257,620,2.056858148
411,1.525629239,621,2.498241501
412,1.48565642,622,2.825322392
413,1.498980693,623,3.22919109
414,1.496315839,624,3.71922626
415,1.501645548,625,4.298358734
416,1.468334866,626,5.022274326
417,1.48565642,627,5.76084408
418,1.459007875,628,6.611957796
419,1.464337584,629,7.491207503
420,1.476329429,630,9.044548652
421,1.436356611,631,10.56858148
422,1.457675447,632,12.21570926
423,1.518967102,633,13.93903869
424,1.476329429,634,16.09026964
425,1.424364765,635,18.37045721
426,1.472332147,636,20.66236811
427,1.464337584,637,23.2883939
428,1.517634675,638,26.16647128
429,1.522964384,639,29.01524033
430,1.47099972,640,32.22743259
431,1.448348456,641,35.77960141
432,1.443018747,642,39.26143025
433,1.435024184,643,42.81946073
434,1.403045929,644,46.66471278
435,1.432359329,645,50.48651817
436,1.453678166,646,54.52520516
437,1.444351175,647,58.55216882
438,1.437689038,648,63.07151231
439,1.396383792,649,66.76436108
440,1.468334866,650,70.57444314
441,1.461672729,651,74.26729191
442,1.444351175,652,78.13599062
443,1.417702629,653,82.18053927
444,1.419035056,654,85.63892145
445,1.369735247,655,88.33528722
446,1.432359329,656,90.97303634
447,1.413705347,657,94.02110199
448,1.411040492,658,95.77960141
449,1.395051365,659,96.95193435
450,1.404378356,660,98.59320047
451,1.451013311,661,99.23798359
452,1.463005156,662,100
453,1.455010593,663,98.8862837
454,1.408375638,664,98.18288394
455,1.421699911,665,97.53810082
456,1.455010593,666,96.30715123
457,1.451013311,667,93.96248535
458,1.436356611,668,92.14536928
459,1.449680884,669,89.39038687
460,1.44168632,670,86.86987104
461,1.468334866,671,85.52168816
462,1.413705347,672,82.76670574
463,1.50031312,673,79.83587339
464,1.473664575,674,77.13950762
465,1.459007875,675,74.5017585
466,1.465670011,676,71.21922626
467,1.493650984,677,68.75732708
468,1.50564283,678,65.70926143
469,1.536288657,679,62.60257913
470,1.541618366,680,59.73036342
471,1.532291375,681,57.12778429
472,1.56426963,682,54.51348183
473,1.585588467,683,52.06330598
474,1.636220703,684,49.53692849
475,1.59358303,685,46.98124267
476,1.620231576,686,44.97655334
477,1.634888276,687,43.07151231
478,1.669531385,688,41.36576788
479,1.662869249,689,39.25556858
480,1.694847504,690,37.69636577
481,1.740150031,691,36.23681125
482,1.740150031,692,35.08206331
483,1.766798577,693,33.56389215
484,1.788117413,694,32.61430246
485,1.806771395,695,31.35404455
486,1.845411787,696,30.38686987
487,1.861400914,697,29.67174678
488,1.920027714,698,28.81594373
489,1.954670824,699,27.79601407
490,1.973324806,700,27.12778429
491,2.015962479,701,26.68815944
492,2.038613743,702,25.70926143
493,2.10390268,703,25.14654162
494,2.119891807,704,24.84759672
495,2.163861907,705,23.93903869
496,2.245139971,706,23.82766706
497,2.28511279,707,23.15357562
498,2.335745027,708,23.04806565
499,2.4076961,709,22.45603751
500,2.468987755,710,21.38335287
501,2.482312028,711,21.43024619
502,2.582244074,712,21.53575615
503,2.628879029,713,21.57678781
504,2.702162529,714,20.58030481
505,2.768783894,715,20.48651817
506,2.83407283,716,20.43962485
507,2.89802934,717,20.11137163
508,2.993964104,718,19.86518171
509,3.043263914,719,19.15005862
510,3.151190524,720,18.76318875
511,3.224474024,721,18.62250879
512,3.301754807,722,17.84290739
513,3.392359862,723,17.87221571
514,3.476302781,724,17.84876905
515,3.569572691,725,17.43259086
516,3.641523764,726,17.04572098
517,3.758777365,727,17.00468933
518,3.865371547,728,16.56506448
519,3.965303594,729,16.28956624
520,4.083889622,730,15.92028136
521,4.182489241,731,16.06096131
522,4.305072551,732,15.72098476
523,4.423658579,733,15.1992966
524,4.572890435,734,14.83587339
525,4.684814326,735,14.56623681
526,4.851367737,736,14.30832356
527,5.048566974,737,13.91559203
528,5.204460967,738,13.66940211
529,5.372346804,739,13.13599062
530,5.557554196,740,12.4912075
531,5.757418289,741,12.43259086
532,5.974603936,742,12.13364596
533,6.191789583,743,11.45955451
534,6.407642803,744,11.27198124
535,6.662136414,745,11.23094959
536,6.903305752,746,10.77960141
537,7.203101891,747,10
538,7.457595502,748,9.906213365
539,7.736072804,749,9.560375147
540,8.05185807,750,9.085580305
541,8.330335372,751,8.915592028
542,8.658112484,752,8.616647128
543,8.916470134,753,8.540445487
544,9.241715633,754,7.878077374
545,9.542844199,755,7.532239156
546,9.823986356,756,7.379835873
547,10.08780696,757,6.951934349
548,10.39160038,758,6.74091442
549,10.70072351,759,6.852286049
550,10.97120625,760,6.166471278
551,11.27633209,761,6.395076202
552,11.56147153,762,5.949589683
553,11.88125408,763,5.753223916
554,12.19703935,764,5.647713951
555,12.48617607,765,5.536342321
556,12.79663162,766,5.11957796
557,13.12294307,767,4.937280188
558,13.4255373,768,5.045134818
559,13.80261422,769,4.820046893
560,14.15970473,770,4.552754982
561,14.54211136,771,4.379835873
562,14.96315839,772,4.309495897
563,15.3935324,773,4.144196952
564,15.87853593,774,4.3007034
565,16.34222062,775,4.000586166
566,16.90050765,776,3.926729191
567,17.4641244,777,3.76905041
568,18.07837337,778,3.822391559
569,18.74591944,779,3.782532239
570,19.48408416,780,3.869871043
571,20.23290829,781,3.592028136
572,21.0296998,782,3.580890973
573,21.90110725,783,3.249706917
574,22.80849023,784,3.110199297
575,23.71853806,785,3.290152403
576,24.73784493,786,3.087338804
577,25.77047608,787,2.984759672
578,26.82442606,788,3.015240328
579,27.90635701,789,2.859320047
580,29.01360408,790,2.583821805
581,30.20479407,791,2.597889801
582,31.28006289,792,2.614302462
583,32.44726919,793,2.679953107
584,33.59582151,794,2.491207503
585,34.70173615,795,2.378077374
586,35.76101584,796,2.409730363
587,36.79098213,797,2.341148886
588,37.80096201,798,2.359906213
589,38.72300169,799,2.281946073
590,39.56776059,800,2.230363423
591,40.29659831
592,40.98146594
593,41.57706093
594,42.14600738
595,42.56572198
596,42.98010686
597,43.29722455
598,43.53706146
599,43.78222808
600,43.9634382
601,44.08468908
602,44.20061025
603,44.3738258
604,44.54304406
605,44.74424058
606,45.00806119
607,45.3358383
608,45.69426124
609,46.14328923
610,46.71623296
611,47.38644388
612,48.15791928
613,49.08795352
614,50.14057108
615,51.33442592
616,52.66418835
617,54.11253681
618,55.78206819
619,57.5501992
620,59.48221876
621,61.55281076
622,63.71267538
623,66.0137773
624,68.4068167
625,70.86381261
626,73.37810289
627,75.95488401
628,78.53059919
629,81.15548094
630,83.7124089
631,86.18805879
632,88.48516342
633,90.70365485
634,92.73693888
635,94.54903999
636,96.2199038
637,97.50303127
638,98.60228378
639,99.39507801
640,99.86942213
641,100
642,99.80146833
643,99.3164648
644,98.43040066
645,97.196573
646,95.63630065
647,93.69895138
648,91.46580325
649,88.89288617
650,86.0374945
651,82.93160651
652,79.69514064
653,76.18019747
654,72.53600885
655,68.75458022
656,64.97048674
657,61.03316412
658,57.10783334
659,53.30908316
660,49.57828676
661,45.90478475
662,42.35519847
663,38.99614929
664,35.74369429
665,32.70709251
666,29.7810822
667,27.1242222
668,24.6046022
669,22.2848463
670,20.18360848
671,18.27290776
672,16.51810102
673,14.9298477
674,13.52013964
675,12.2502032
676,11.12177053
677,10.08500886
678,9.149644908
679,8.354319063
680,7.652129885
681,6.991245953
682,6.446283194
683,5.959947236
684,5.497594969
685,5.04590212
686,4.714127726
687,4.412999161
688,4.133189431
689,3.865371547
690,3.658845319
691,3.441659671
692,3.263114416
693,3.104555569
694,2.948661577
695,2.832740403
696,2.691503111
697,2.575581938
698,2.487641737
699,2.383712409
700,2.297104636
701,2.201169871
702,2.163861907
703,2.078586561
704,2.029286752
705,1.978654515
706,1.912033151
707,1.88804946
708,1.846744214
709,1.789449841
710,1.734820322
711,1.717498768
712,1.650877403
713,1.618899149
714,1.597580312
715,1.540285939
716,1.504310402
717,1.521631957
718,1.509640111
719,1.50031312
720,1.512304966
721,1.474997002
722,1.469667293
723,1.44168632
724,1.41237292
725,1.341754274
726,1.340421846
727,1.30444631
728,1.283127473
729,1.257811355
730,1.243154655
731,1.215173682
732,1.203181836
733,1.189857564
734,1.168538727
735,1.145887463
736,1.120571345
737,1.085794993
738,1.064609399
739,1.051151883
740,1.051151883
741,1.02996629
742,1.003317744
743,0.981998907
744,0.978001626
745,0.964677353
746,0.959347644
747,0.931366671
748,0.912712689
749,0.882066861
750,0.899388416
