# wl,ex, wl,em,Data copyright Molecular Probes
400,1.773138155,530,1.808926341
401,1.667542463,531,2.102365449
402,1.647056334,532,2.458876505
403,1.599794104,533,2.885451108
404,1.555018526,534,3.360174619
405,1.500881324,535,3.866399821
406,1.461331525,536,4.496378422
407,1.420520991,537,5.103702861
408,1.416530764,538,5.932178926
409,1.390030404,539,6.821466292
410,1.318085429,540,7.866616931
411,1.325424271,541,8.958378758
412,1.274040594,542,10.13755767
413,1.236673517,543,11.64103807
414,1.187819353,544,13.20234642
415,1.208526029,545,15.013944
416,1.158071261,546,16.78726806
417,1.136269143,547,18.99298118
418,1.130556607,548,21.18434167
419,1.112063091,549,23.69636309
420,1.096519147,550,26.4250604
421,1.107589065,551,29.51357041
422,1.104457704,552,32.54067652
423,1.121900911,553,35.90358931
424,1.104010023,554,39.20178174
425,1.091348287,555,43.09837383
426,1.111224238,556,46.69827573
427,1.127394211,557,50.6937049
428,1.163534174,558,54.66127404
429,1.165841602,559,58.77422558
430,1.167291685,560,62.94042988
431,1.206328709,561,66.79514397
432,1.252198904,562,70.76452655
433,1.304783526,563,74.80834089
434,1.331381115,564,78.67155329
435,1.358986892,565,82.22478581
436,1.436353424,566,85.36765088
437,1.493947457,567,88.41776202
438,1.533979813,568,90.93297714
439,1.568949749,569,93.13721587
440,1.606298644,570,95.24766695
441,1.700224272,571,96.73236986
442,1.838673022,572,98.23792263
443,1.908403559,573,98.88188847
444,1.962126061,574,99.90640077
445,2.087196752,575,100
446,2.237271326,576,99.90444454
447,2.374024041,577,98.93236404
448,2.513534229,578,98.23561245
449,2.68571669,579,97.57122638
450,2.836317626,580,96.36043205
451,2.904630092,581,95.54117487
452,3.119446161,582,94.04812277
453,3.326711827,583,92.31321865
454,3.494304055,584,90.27578435
455,3.774834861,585,88.54160226
456,4.026906082,586,86.7595425
457,4.268036703,587,84.86457468
458,4.51588047,588,82.39397623
459,4.846647871,589,80.71214541
460,5.104610156,590,78.75230492
461,5.485732164,591,76.34187303
462,5.832075489,592,74.24735774
463,6.183121733,593,72.17827335
464,6.541861259,594,70.35432034
465,6.961900961,595,68.41710311
466,7.404475982,596,66.72323912
467,7.838873102,597,65.35211853
468,8.279756718,598,63.68017052
469,8.760858931,599,62.08839132
470,9.382717011,600,60.27672643
471,9.775850224,601,58.89671457
472,10.31958839,602,57.76351359
473,10.86796977,603,56.16752752
474,11.35518298,604,55.11309558
475,12.01985333,605,54.30881077
476,12.53054384,606,53.56451916
477,13.16020823,607,53.04671847
478,13.78509035,608,51.81892437
479,14.40369247,609,51.0131301
480,14.94436144,610,50.1129268
481,15.55589031,611,49.35972136
482,16.10852235,612,48.87797722
483,16.8909285,613,48.32014543
484,17.46300277,614,48.11876202
485,18.27371884,615,47.48683908
486,19.25017294,616,47.03805342
487,20.35389724,617,46.57996021
488,21.3254258,618,46.089229
489,22.3815896,619,45.47502434
490,23.57893441,620,45.13119573
491,24.85265101,621,44.72643007
492,26.07233896,622,44.32239247
493,27.44624885,623,43.98007419
494,28.78421866,624,43.24475328
495,30.10328471,625,42.6218814
496,31.49241239,626,42.23052894
497,33.04969115,627,41.84009177
498,34.73818943,628,41.18288945
499,36.24589786,629,40.45484768
500,37.62869656,630,39.86834249
501,39.5297388,631,39.66462455
502,40.84339594,632,38.54216683
503,42.26168137,633,37.51945084
504,43.44482141,634,36.8845264
505,45.09847923,635,36.10618409
506,46.31719373,636,35.36060765
507,47.47623876,637,34.462248
508,48.37376719,638,33.68437519
509,49.32140773,639,32.88578401
510,50.43401919,640,32.04668047
511,51.12421177,641,31.0140211
512,51.79106016,642,30.42544257
513,52.47488065,643,29.36211983
514,52.90482,644,28.6047971
515,53.29824813,645,27.91868214
516,53.55749061,646,27.40889762
517,54.00986684,647,26.60058668
518,54.631675,648,25.89483986
519,55.21778648,649,25.26767329
520,55.29148922,650,24.35370873
521,55.8916292,651,23.83315598
522,56.76848307,652,23.20432995
523,57.50959611,653,22.54033744
524,57.98513743,654,21.90228202
525,59.35196598,655,21.60899431
526,60.62105168,656,20.89952443
527,61.84457165,657,20.33969245
528,63.47592737,658,19.80805184
529,65.30777293,659,19.24466952
530,66.93736263,660,18.85970884
531,69.15133631,661,18.24357011
532,71.27436099,662,17.9034925
533,73.68389283,663,17.43116854
534,75.9906518,664,17.13273576
535,78.35297092,665,16.39792712
536,81.00417858,666,16.19171918
537,83.46816444,667,15.83636152
538,85.87776536,668,15.59620782
539,88.15820872,669,15.11307184
540,90.96683686,670,14.9910623
541,92.93673376,671,14.57906665
542,94.72756004,672,14.30837753
543,96.37750328,673,13.81458864
544,97.63529608,674,13.42662363
545,98.77163188,675,13.12188416
546,99.84565058,676,12.95860957
547,100,677,12.61105428
548,99.88837584,678,12.33966239
549,98.77381836,679,12.15658164
550,98.09047095,680,11.87335544
551,96.36685004,681,11.45805701
552,94.55082092,682,11.26114458
553,92.23553699,683,11.21071503
554,89.52873786,684,10.78386783
555,86.33308193,685,10.37389933
556,83.07302091,686,10.12708625
557,79.17480466,687,10.06099561
558,75.18690317,688,9.916032253
559,70.56324884,689,9.727241068
560,66.40627887,690,9.35027025
561,61.91233095,691,8.85763397
562,57.28013863,692,8.853329887
563,52.64619763,693,8.611856229
564,48.4989357,694,8.163801237
565,43.84637379,695,8.017038956
566,39.84028145,696,7.871400324
567,36.07854266,697,7.753523862
568,32.63068915,698,7.574686641
569,29.1798295,699,7.312403201
570,26.09277347,700,7.111019282
571,22.92597816,,
572,19.92888535,,
573,17.53620244,,
574,15.43182615,,
575,13.58940948
576,12.01149311
577,10.51209593
578,9.214718772
579,8.079966243
580,6.915065145
581,5.976176863
582,5.197388903
583,4.480085775
584,3.807062703
585,3.271852047
586,2.756734141
587,2.32646784
588,2.041105112
589,1.79120911
590,1.566260452
