# wl,abs, wl,em
250,0.004142845,580,1.749914471
251,0.008285691,581,1.980841601
252,0.13257105,582,2.27505987
253,0.277570636,583,2.603489566
254,0.447427293,584,3.012316114
255,0.832711907,585,3.433116661
256,1.060568398,586,3.927471776
257,1.536995609,587,4.495381457
258,1.96785152,588,5.14197742
259,2.469135802,589,5.908313377
260,2.991134311,590,6.727677044
261,3.484132902,591,7.67362299
262,4.072416936,592,8.754704071
263,4.581986909,593,9.887102292
264,5.079128345,594,11.13581936
265,5.625983926,595,12.61888471
266,6.15212528,596,14.31577147
267,6.649266716,597,16.10673965
268,7.183693761,598,18.02942183
269,7.693263734,599,20.15053028
270,8.1199768,600,22.494013
271,8.600546856,601,25.07697571
272,9.201259425,602,27.77967841
273,9.669400945,603,30.73896681
274,10.13754246,604,33.83510092
275,10.51039854,605,37.15360931
276,11.01996851,606,40.59185768
277,11.35968183,607,44.33800889
278,11.61239539,608,48.30653438
279,11.8692518,609,52.25795416
280,11.88168034,610,56.26069107
281,12.0059657,611,60.4173794
282,12.051537,612,64.45432775
283,11.97282293,613,68.55969894
284,12.08467976,614,72.7505987
285,12.30425056,615,76.61648991
286,12.51139282,616,80.39685255
287,12.90496313,617,84.04036948
288,13.35239042,618,87.34177215
289,13.90338885,619,90.52343483
290,14.55795841,620,93.34587752
291,15.17109951,621,95.55251454
292,15.90438313,622,97.36572015
293,16.69152374,623,98.92234006
294,17.6112354,624,99.7434143
295,18.31966194,625,100
296,19.17723092,626,99.72630859
297,19.97265722,627,99.00786863
298,20.55265556,628,97.74204584
299,21.23622504,629,95.94594595
300,21.78722347,630,93.75641464
301,22.24293645,631,91.34450907
302,22.53293562,632,88.72733493
303,22.89750601,633,85.75094081
304,23.17507664,634,82.38111529
305,23.41950452,635,78.87444406
306,23.66807523,636,75.05987
307,23.83378905,637,71.17687308
308,24.20664512,638,67.25966473
309,24.39721601,639,63.30824495
310,24.6706438,640,59.44235375
311,24.99792858,641,55.86725966
312,25.29621344,642,52.36058844
313,25.46192725,643,48.99076291
314,25.61521253,644,45.92884023
315,25.70221228,645,42.96955183
316,25.8140691,646,40.16421485
317,25.75192642,647,37.82073212
318,25.65664098,648,35.68251796
319,25.42464164,649,33.71536093
320,25.16364239,650,31.83373247
321,24.72035794,651,30.17447828
322,24.26464496,652,28.73759836
323,23.79236059,653,27.48888129
324,23.10050543,654,26.39411563
325,22.49565001,655,25.33356141
326,21.88665175,656,24.44406432
327,21.10365399,657,23.53746151
328,20.55679841,658,22.76770441
329,20.07622835,659,22.15189873
330,19.34708758,660,21.50188163
331,18.68423233,661,20.92028738
332,18.2243765,662,20.4413274
333,17.73552076,663,20.09921314
334,17.35437899,664,19.7913103
335,16.84895186,665,19.51761888
336,16.5050957,666,19.31235033
337,16.05766841,667,19.15839891
338,15.7552407,668,18.98734177
339,15.47767006,669,18.78207321
340,15.34095617,670,18.67943893
341,15.12967106,671,18.49127609
342,14.85624327,672,18.26890181
343,14.5662441,673,18.06363325
344,14.64081531,674,17.94389326
345,14.29695915,675,17.78994184
346,14.10638827,676,17.63599042
347,13.86610324,677,17.41361615
348,13.70453227,678,17.19124187
349,13.61753252,679,17.02189531
350,13.39796172,680,16.77899418
351,13.14110531,681,16.51727677
352,12.90910597,682,16.24187479
353,12.63982103,683,16.01778994
354,12.37467893,684,15.67909682
355,12.24210788,685,15.39514198
356,11.86096611,686,15.08210742
357,11.63725246,687,14.76565173
358,11.49639572,688,14.40130003
359,11.26025354,689,14.02497434
360,11.16911095,690,13.67430722
361,10.98682575,691,13.28258638
362,11.06553981,692,12.85494355
363,10.92468307,693,12.56414642
364,10.87496893,694,12.16387273
365,10.8086834,695,11.80978447
366,10.69682658,696,11.44885392
367,10.80039771,697,10.98357852
368,10.75482641,698,10.54396168
369,10.63882675,699,10.06500171
370,10.6802552,700,9.716045159
371,10.6802552,701,9.338008895
372,10.65954097,702,8.80431064
373,10.61396967,703,8.376667807
374,10.58496976,704,8.034553541
375,10.37782749,705,7.653096134
376,10.31568481,706,7.220321587
377,10.12925677,707,6.898734177
378,9.94697158,708,6.539514198
379,9.971828652,709,6.146082792
380,9.777114923,710,5.795415669
381,9.627972492,711,5.477249401
382,9.362830392,712,5.155661991
383,9.168116663,713,4.893944577
384,9.085259756,714,4.66643859
385,8.878117491,715,4.44748546
386,8.691689452,716,4.221690044
387,8.438975889,717,4.043790626
388,8.219405087,718,3.860759494
389,8.016405667,719,3.717071502
390,7.71397796,720,3.542593226
391,7.519264231,721,3.416010948
392,7.266550667,722,3.357851522
393,6.935123043,723,3.258638385
394,6.661695252,724,3.227848101
395,6.400695998,725,3.084160109
396,6.127268208,726,2.991789258
397,5.828983346,727,2.913102976
398,5.501698567,728,2.80191584
399,5.21584224,729,2.755730414
400,4.929985914,730,2.689018132
401,4.639986743,731,2.572699282
402,4.519844229,732,2.526513856
403,4.246416439,733,2.446117003
404,3.835860469,734,2.355456723
405,3.550004143,735,2.312692439
406,3.239705029,736,2.263085871
407,2.953848703,737,2.222032159
408,2.663849532,738,2.186110161
409,2.423564504,739,2.115976736
410,2.286850609,740,2.074923024
411,2.063136962,741,1.994526172
412,1.789709172,742,1.970578173
413,1.590852598,743,1.919261033
414,1.400281713,744,1.890181321
415,1.304996271,745,1.864522751
416,1.118568233,746,1.833732467
417,0.973568647,747,1.809784468
418,0.803711989,748,1.756756757
419,0.654569558,749,1.717413616
420,0.555141271,750,1.708860759
421,0.376998923,,
422,0.240285028,,
423,0.231999337,,
424,0.107713978,,
425,-0.024857072
426,-0.074571216
427,-0.111856823
428,-0.20299942
429,-0.215427956
430,-0.302427707
431,-0.451570138
432,-0.410141685
433,-0.472284365
434,-0.497141437
435,-0.517855663
436,-0.530284199
437,-0.584141188
438,-0.567569807
439,-0.563426962
440,-0.567569807
441,-0.54685558
442,-0.559284116
443,-0.700140857
444,-0.637998177
445,-0.497141437
446,-0.517855663
447,-0.637998177
448,-0.575855498
449,-0.563426962
450,-0.509569973
451,-0.418427376
452,-0.459855829
453,-0.492998591
454,-0.385284613
455,-0.418427376
456,-0.34385616
457,-0.252713564
458,-0.281713481
459,-0.285856326
460,-0.194713729
461,-0.219570801
462,-0.14085674
463,-0.103571133
464,-0.066285525
465,0.024857072
466,0.024857072
467,0.111856823
468,0.14085674
469,0.219570801
470,0.310713398
471,0.294142017
472,0.302427707
473,0.401855995
474,0.463998674
475,0.542712735
476,0.592426879
477,0.704283702
478,0.778854918
479,0.824426216
480,0.923854503
481,1.056425553
482,1.180710912
483,1.284282045
484,1.379567487
485,1.48313862
486,1.56185268
487,1.710995111
488,1.89742315
489,1.996851438
490,2.154279559
491,2.307564836
492,2.655563841
493,2.7798492
494,2.962134394
495,3.032562764
496,3.210705112
497,3.44643301
498,3.662275251
499,3.894274588
500,4.126273925
501,4.300273428
502,4.623415362
503,4.80155771
504,5.033557047
505,5.306984837
506,5.646698152
507,5.969840086
508,6.313696247
509,6.599552573
510,6.918551661
511,7.328693347
512,7.639406745
513,8.024691358
514,8.430690198
515,8.811831966
516,9.242687878
517,9.723257934
518,10.149971
519,10.63054106
520,11.10282542
521,11.62896677
522,12.14682244
523,12.67296379
524,13.28196205
525,13.82467479
526,14.48753004
527,15.07167122
528,15.75109785
529,16.48023863
530,17.15552241
531,17.86394896
532,18.73394647
533,19.47551578
534,20.2543707
535,21.12436822
536,22.04822272
537,22.99693429
538,23.90836026
539,24.89435744
540,25.89278316
541,26.94092303
542,28.03049134
543,29.03720275
544,30.18435662
545,31.36962466
546,32.49647858
547,33.61048968
548,34.79575773
549,35.8811832
550,37.08675118
551,38.24260502
552,39.43988731
553,40.698898
554,41.76816638
555,42.96959152
556,44.15444527
557,45.38487033
558,46.48686718
559,47.63857818
560,49.01814566
561,49.99171431
562,51.13928246
563,52.28270776
564,53.401276
565,54.56955837
566,55.81241196
567,57.01797995
568,58.18211948
569,59.51611567
570,60.77968349
571,62.20067943
572,63.62167537
573,64.99295716
574,66.55480984
575,68.12494821
576,69.71165797
577,71.35222471
578,73.0797912
579,74.74107217
580,76.50592427
581,78.3743475
582,80.09777115
583,81.96205154
584,83.77661778
585,85.62018394
586,87.40989311
587,89.02560278
588,90.74488359
589,92.29845058
590,93.72358936
591,95.11972823
592,96.2962963
593,97.3941503
594,98.26414782
595,99.02228851
596,99.52771564
597,99.88400033
598,100
599,99.85500041
600,99.50700141
601,99.03885989
602,98.96843152
603,95.64586958
604,95.26472782
605,93.64073246
606,91.46159582
607,89.22445936
608,87.21517939
609,84.82475764
610,82.09876543
611,79.09105974
612,76.02121137
613,72.71522081
614,69.28080205
615,65.75109785
616,62.12610821
617,58.37683321
618,54.64827243
619,50.92799735
620,47.06686552
621,43.56201839
622,40.04888557
623,36.77189494
624,33.39961886
625,30.36705609
626,27.49192145
627,24.69550087
628,22.16007954
629,19.77794349
630,17.61952109
631,15.5812412
632,13.75838926
633,12.03910846
634,10.56839838
635,9.26754495
636,8.107548264
637,6.97240865
638,6.094125445
639,5.257270694
640,4.557129837
641,4.001988566
642,3.426133068
643,2.986991466
644,2.680420913
645,2.340707598
646,2.050708427
647,1.818709089
648,1.673709504
649,1.512138537
650,1.35885326
651,1.2801392
652,1.130996769
653,1.035711327
654,0.990140028
655,0.95285442
656,0.878283205
657,0.836854752
658,0.81199768
659,0.729140774
660,0.675283785
661,0.658712404
662,0.658712404
663,0.571712652
664,0.613141105
665,0.53856989
666,0.526141354
667,0.505427127
668,0.414284531
669,0.376998923
670,0.389427459
671,0.323141934
672,0.339713315
673,0.376998923
674,0.33557047
675,0.339713315
676,0.34385616
677,0.294142017
678,0.285856326
679,0.244427873
680,0.244427873
681,0.252713564
682,0.231999337
683,0.227856492
684,0.161570967
685,0.14085674
686,0.240285028
687,0.14085674
688,0.173999503
689,0.165713812
690,0.157428122
691,0.144999586
692,0.194713729
693,0.173999503
694,0.074571216
695,0.095285442
696,0.136713895
697,0.103571133
698,0.103571133
699,0.153285276
700,0.157428122
Data Copyright MP Inc.