# wl,abs, wl,em,"Data copyright Molecular Probes, Inc."
280,482.9731,445,0.7682961,
281,459.2413,446,0.614637,
282,431.7159,447,0.614637,
283,403.0878,448,0.7682961,
284,373.0481,449,0.9219553,
285,342.1703,450,1.229274,
286,311.3366,451,1.382933,
287,281.4292,452,1.690252,
288,253.8597,453,2.151229,
289,228.0106,454,2.642581,
290,203.97,455,3.264365,
291,180.0177,456,3.730703,
292,157.2122,457,4.818825,
293,135.4654,458,6.062393,
294,114.9978,459,7.704402,
295,96.77988,460,9.541166
296,80.81165,461,11.57804
297,67.26952,462,13.82933
298,55.80062,463,16.90966
299,46.31672,464,19.72556
300,38.7296,465,23.34191
301,32.73048,466,28.08212
302,28.01059,467,33.06711
303,24.5258,468,38.96512
304,21.65858,469,44.33962
305,19.54124,470,51.60091
306,17.7768,471,57.71155
307,16.49757,472,63.82218
308,15.57124,473,69.25386
309,14.68902,474,74.17632
310,14.07146,475,78.58955
311,13.27746,476,83.17252
312,12.6599,477,86.90681
313,12.2629,478,91.76672
314,11.82179,479,94.51115
315,11.38068,480,97.08405
316,11.20423,481,98.62778
317,10.98368,482,100
318,10.49846,483,99.29781
319,10.2779,484,98.95834
320,10.14557,485,98.95834
321,9.836788,486,98.10963
322,9.792677,487,97.09119
323,9.395677,488,96.2425
324,9.175121,489,95.22406
325,8.954566,490,94.8542
326,8.513454,491,93.31046
327,8.248787,492,91.08062
328,8.116453,493,89.7084
329,8.072343,494,87.82162
330,8.292898,495,85.93482
331,8.028232,496,84.04803
332,8.116453,497,82.67581
333,8.248787,498,82.15051
334,8.292898,499,79.55082
335,8.513454,500,78.85756
336,8.645787,501,77.47105
337,8.866343,502,76.69382
338,8.73401,503,75.64322
339,8.866343,504,73.89223
340,8.778121,505,72.66653
341,8.778121,506,71.99293
342,8.73401,507,70.22406
343,8.469343,508,68.80896
344,8.292898,509,68.43196
345,8.028232,510,66.64523
346,8.072343,511,64.50114
347,7.675342,512,64.1438
348,7.278341,513,62.80017
349,7.234231,514,61.17603
350,7.234231,515,59.91281
351,6.969563,516,58.31904
352,6.925452,517,56.49657
353,6.793118,518,55.57819
354,6.572563,519,53.73785
355,6.572563,520,51.89751
356,6.440229,521,50.54317
357,6.131451,522,49.05661
358,6.043229,523,47.38422
359,5.999118,524,46.52659
360,5.866784,525,44.65051
361,5.822673,526,43.93939
362,5.602117,527,42.42424
363,5.602117,528,40.7197
364,5.425673,529,39.76558
365,5.249228,530,38.23614
366,5.249228,531,37.24271
367,5.116895,532,34.9271
368,5.028672,533,34.47149
369,4.852228,534,33.1082
370,4.896338,535,32.13443
371,4.764005,536,31.25
372,4.719894,537,30.46384
373,4.587561,538,29.35249
374,4.631672,539,28.7575
375,4.587561,540,27.61578
376,4.455227,541,27.01544
377,4.587561,542,26.04524
378,4.455227,543,25.23763
379,4.499339,544,24.44254
380,4.499339,545,23.4241
381,4.587561,546,22.80767
382,4.455227,547,21.7803
383,4.455227,548,21.55517
384,4.455227,549,21.14065
385,4.411116,550,20.06861
386,4.367005,551,19.85956
387,4.278783,552,19.18596
388,4.367005,553,18.55346
389,4.278783,554,18.28545
390,4.278783,555,17.43496
391,4.278783,556,16.93825
392,4.322894,557,16.21462
393,4.411116,558,15.78223
394,4.543449,559,15.4767
395,4.719894,560,14.82276
396,4.808116,561,14.28495
397,4.896338,562,13.84541
398,5.116895,563,13.51486
399,5.425673,564,13.07176
400,5.734451,565,12.50715
401,5.999118,566,12.2838
402,6.440229,567,11.93182
403,6.793118,568,11.70669
404,7.410675,569,11.11885
405,7.851786,570,10.66502
406,8.469343,571,10.5203
407,9.086899,572,9.834191
408,9.660344,573,9.605489
409,10.2779,574,9.450043
410,10.98368,575,8.989065
411,11.68946,576,8.594196
412,12.39524,577,8.594196
413,13.0569,578,8.36192
414,13.8509,579,8.192182
415,14.51257,580,7.958119
416,15.35068,581,7.54717
417,16.27702,582,7.54717
418,17.20335,583,7.075471
419,18.1738,584,6.603774
420,19.18835,585,6.416167
421,20.37936,586,6.178531
422,21.61447,587,6.178531
423,22.9378,588,5.940895
424,24.30525,589,5.506718
425,25.80503,590,5.506718
426,27.43714,591,5.267296
427,29.11337,592,5.506718
428,30.87781,593,5.027873
429,32.73048,594,5.027873
430,34.75959,595,4.824185
431,36.92104,596,4.582976
432,39.08249,597,4.582976
433,41.19983,598,4.341767
434,43.40538,599,4.341767
435,45.56683,600,4.341767
436,47.72828,601,4.341767
437,49.84561,602,4.341767
438,52.05117,603,4.100557
439,54.1685,604,3.887936
440,56.24173,605,3.887936
441,58.27084,606,3.401944
442,60.25584,607,3.401944
443,62.24085,608,3.401944
444,64.22585,609,3.401944
445,66.07852,610,3.158948
446,68.01941,611,3.182176
447,70.00441,612,3.182176
448,71.90119,613,2.69261
449,73.88619,614,2.937393
450,76.09175,615,2.712264
451,78.20909,616,2.712264
452,80.41464,617,2.483562
453,82.84076,618,2.483562
454,85.26687,619,2.235206
455,87.69299,620,2.251287
456,90.16322,621,2.251287
457,92.45699,622,2.015437
458,94.66255,623,2.015437
459,96.64755,624,1.776015
460,98.27966,625,1.776015
461,99.47066,626,2.044025
462,100,627,1.543739
463,99.86767,628,1.801029
464,98.98544,629,1.55446
465,97.221,630,1.826043
466,94.61844,631,1.575901
467,91.04544,632,1.322184
468,86.81076,633,1.322184
469,82.04676,634,1.064894
470,76.7093,635,1.072041
471,70.88663,636,0.8093911
472,64.84341,637,0.8147513
473,58.75607,638,0.8201115
474,52.44817,639,0.8254717
475,46.36083,640,0.8308319
476,40.44994,641,0.2787307
477,35.06837,642,0.2805174
478,30.08381,643,0.2840909
479,25.58447,644,0.5717553
480,21.57036,645,0.5753288
481,18.08558,646,0
482,15.08602,647,0.5860491
483,12.70401,648,0
484,10.6749,649,0.296598
485,8.954566,,
486,7.543009,,
487,6.307896
488,5.337451
489,4.499339
490,3.79356
491,3.131892
492,2.690781
493,2.29378
494,1.940891
495,1.676224
496,1.411557
497,1.191001
498,0.9704455
499,0.8822232
500,0.7498897
501,0.6175562
502,0.5293339
503,0.4852228
504,0.4411116
505,0.3970004
506,0.3970004
507,0.3528893
508,0.3528893
509,0.264667
510,0.2205558
511,0.2205558
512,0.2205558
513,0.1764446
514,0.2205558
515,0.1764446
516,0.1764446
517,0.1764446
518,0.1764446
519,0.1764446
520,0.1764446
521,0.1764446
522,0.1764446
523,0.1764446
524,0.1764446
525,0.1764446
526,0.1764446
527,0.1764446
528,0.1764446
529,0.2205558
530,0.1764446
531,0.2205558
532,0.2205558
533,0.1764446
534,0.2205558
535,0.2205558
536,0.1764446
537,0.1764446
538,0.1764446
539,0.1764446
540,0.1323335
541,0.1323335
542,0.1323335
543,0.1764446
544,8.82E-02
545,0.1764446
546,0.1764446
547,0.1323335
548,0.1323335
549,0.1323335
550,8.82E-02
