# wl,ex, wl,em,"Data copyright Molecular Probes, Inc.",far red-1
500,14.56059183,625,3.37065547
501,13.79594828,626,3.591672498
502,13.42159865,627,3.812689526
503,13.39673585,628,4.033706555
504,12.88643842,629,4.254723583
505,12.75144937,630,4.538138558
506,12.94923684,631,4.571961745
507,12.3620808,632,4.980172615
508,12.54484079,633,5.229764404
509,12.31629856,634,5.732446933
510,12.27059862,635,6.400746443
511,11.9853969,636,7.168182878
512,12.16755277,637,7.949615115
513,12.16649477,638,8.721716818
514,11.99597864,639,9.525309074
515,12.08952879,640,10.45136459
516,11.88440456,641,11.54420341
517,11.86468918,642,12.63121064
518,12.06572459,643,13.86750641
519,12.04758599,644,14.71891766
520,11.98400394,645,16.42174014
521,11.88254917,646,18.01959412
522,11.90314838,647,20.08397481
523,11.52925985,648,22.38161885
524,11.59804866,649,24.98250525
525,11.43353273,650,27.03522277
526,11.05446312,651,29.92768836
527,11.07857503,652,32.92512246
528,11.07476276,653,35.84091439
529,11.11831051,654,38.52344297
530,10.88724584,655,41.94075111
531,10.93049231,656,44.91485888
532,10.85812631,657,48.26218801
533,10.84926413,658,51.69115932
534,10.86671844,659,54.70025659
535,10.80693113,660,58.87567063
536,10.61328077,661,61.93142057
537,10.45109865,662,65.59365524
538,10.31582889,663,69.04595288
539,10.29569669,664,72.80149289
540,10.32504212,665,75.58898997
541,10.16365333,666,79.57779333
542,10.07775656,667,83.00676464
543,9.716655584,668,85.74760905
544,9.838040018,669,89.28154887
545,9.715694521,670,91.82411943
546,9.661873998,671,94.02845813
547,9.285347336,672,96.6759972
548,9.215390602,673,97.7956613
549,9.194507413,674,99.2418941
550,8.969864711,675,99.6384418
551,8.906530561,676,100
552,8.606863754,677,99.74341031
553,8.85623493,678,99.28854677
554,8.904038151,679,98.26218801
555,8.991861338,680,96.61768136
556,8.98962757,681,94.23839515
557,9.028109063,682,93.29367856
558,9.027625902,683,91.60251924
559,8.95373644,684,87.49708421
560,8.911130478,685,86.42407278
561,9.236553944,686,83.29834383
562,9.475821057,687,80.83741544
563,9.519018186,688,78.42313972
564,9.535439944,689,74.94751575
565,9.946101287,690,71.99673431
566,10.11414185,691,69.15092139
567,10.38864425,692,65.62864474
568,10.6029624,693,62.80615815
569,10.78341535,694,59.19057616
570,11.07845764,695,56.07651038
571,11.21106252,696,52.9274551
572,11.63143509,697,50.09330534
573,11.89222101,698,46.61768136
574,11.98447674,699,44.39001633
575,12.18876449,700,42.05738279
576,12.65112226,701,39.03662235
577,13.10400066,702,37.28714719
578,13.4812426,703,35.24609284
579,13.80349512,704,33.33333333
580,14.10375477,705,32.00373221
581,14.36795562,706,30.4175414
582,14.87841369,707,29.33286681
583,15.23516218,708,28.16655003
584,15.78682992,709,27.28014929
585,15.93280127,710,26.82528575
586,16.68159096,711,26.55703289
587,16.53828478,712,25.68229531
588,17.36477206,713,24.87753674
589,17.51717565,714,24.31770469
590,18.62520809,715,23.72288314
591,19.64033002,716,23.3379986
592,20.05733935,717,22.32330301
593,20.65219363,718,22.04338698
594,21.31289359,719,20.91205972
595,22.05327044,720,20.63214369
596,23.10215074,721,20.58549102
597,23.0761389,722,19.66410077
598,23.73254452,723,18.94098437
599,24.49552192,724,18.75437369
600,24.70942235,725,18.8593422
601,25.47346321,726,17.85630977
602,26.31892373,727,17.49475157
603,26.68644851,728,17.7746676
604,27.77732913,729,17.61138325
605,28.77487856,730,17.43643574
606,29.13218636,731,16.60835083
607,30.13487114,732,16.84161418
608,31.45475659,733,16.42174014
609,31.80156316,734,15.94355027
610,32.74555737,735,15.52367623
611,33.77165403,736,15.5703289
612,34.22632582,737,15.22043387
613,34.29466148,738,14.87053884
614,35.21200873,739,14.64893865
615,35.99591917,740,14.18241194
616,37.92694446,741,13.48262188
617,38.3653479,742,13.84418008
618,40.10163784,743,13.58759039
619,41.20728851,744,13.15605318
620,42.27953484,745,13.19104269
621,43.44300871,746,13.06274784
622,45.29026844,747,12.70118964
623,47.02503846,748,12.2113366
624,47.79092663,749,12.07137859
625,49.34634391,750,12.00139958
626,50.23559659,751,11.90809424
627,51.75042963,752,11.52437602
628,52.49143862,753,11.00186611
629,54.5528154,754,10.69162585
630,55.79022249,755,10.74294378
631,57.56143287,756,10.85724283
632,59.97930368,757,10.16095171
633,62.19117819,758,9.928854677
634,64.50659186,759,9.288546769
635,66.20366947,760,9.245393049
636,69.52621061,761,9.426172148
637,70.79116011,762,8.564264054
638,74.03045442,763,8.399813389
639,75.83367913,764,8.668066247
640,77.39592542,765,8.314672265
641,79.39151937,766,7.988103569
642,82.07216782,767,7.438768369
643,83.66570883,768,7.546069512
644,84.43761059,769,6.775134126
645,85.58421732,770,6.559365524
646,88.18738651,771,6.765803592
647,90.41523448,772,6.36575694
648,91.02051024,773,6.258455797
649,93.21398552,774,6.277116865
650,95.38383639,775,6.056682995
651,96.73824097,776,5.538838348
652,98.01611378,777,5.600653137
653,98.44165586,778,5.319570795
654,98.90370143,779,5.178446466
655,98.52441772,780,5.218101236
656,98.9987467,781,5.463027758
657,100,782,5.117797994
658,98.71246725,783,4.903195708
659,97.04499581,784,4.874037789
660,96.33724436,785,4.617448099
661,94.6571546,786,4.289713086
662,93.43933278,787,4.590622813
663,92.07242243,788,4.248891999
664,90.26067337,789,4.746909261
665,89.34569238,790,3.92348962
666,86.09422479,791,4.059948682
667,84.31424845,792,3.48612083
668,82.15744944,793,3.547935619
669,78.79003327,794,3.349661768
670,76.20589941,795,3.535106135
671,72.94435024,796,3.399813389
672,70.49646102,797,3.432470259
673,66.71584967,798,3.456962911
674,62.77598511,799,3.503615582
675,58.97722194,800,3.214369023
676,55.07329342
677,50.66657892
678,47.34718338
679,42.58506531
680,38.86223544
681,36.06124752
682,32.74229458
683,30.53472565
684,28.24640798
685,25.63277993
686,23.14921565
687,21.04726889
688,19.90681754
689,18.68655993
690,17.14420316
691,15.9709202
692,14.32218858
693,13.26114483
694,12.47849681
695,11.40753655
696,10.00967095
697,9.763769312
698,9.496448142
699,9.037814032
700,8.871847305
