# wl,abs, wl,em,Data copyright Molecular Probes
400,6.488343,535,2.787433
401,6.426292,536,3.057839
402,6.35582,537,3.497718
403,6.209556,538,4.008438
404,6.040688,539,4.479705
405,5.743728,540,5.162632
406,5.664392,541,6.047141
407,5.366989,542,6.808541
408,5.344828,543,8.01198
409,5.150253,544,9.412392
410,5.154242,545,10.90251
411,5.047868,546,12.55274
412,5.061608,547,14.61606
413,5.030582,548,16.63173
414,4.977396,549,19.00117
415,4.919333,550,21.4043
416,4.950359,551,24.20685
417,4.875011,552,27.26786
418,4.924209,553,30.41108
419,4.94637,554,33.89671
420,4.968531,555,37.48168
421,4.937506,556,41.59263
422,4.866147,557,45.20511
423,4.959223,558,49.01168
424,4.893183,559,53.46733
425,4.915344,560,57.47448
426,4.915344,561,61.85901
427,4.928198,562,66.4529
428,4.875011,563,71.14397
429,4.928198,564,75.13628
430,4.790799,565,78.70657
431,4.839996,566,81.79493
432,4.790799,567,85.74823
433,4.675561,568,88.56374
434,4.574063,569,91.40372
435,4.675561,570,93.60528
436,4.414503,571,95.94836
437,4.422924,572,97.06556
438,4.254942,573,98.4533
439,4.179151,574,99.48683
440,4.112667,575,100
441,4.139704,576,99.74284
442,4.006294,577,99.73795
443,3.895931,578,99.63226
444,3.878202,579,98.56935
445,3.771829,580,97.28226
446,3.762521,581,96.1796
447,3.815708,582,94.49886
448,3.647283,583,92.87138
449,3.621133,584,91.10726
450,3.607393,585,88.26337
451,3.483734,586,86.16449
452,3.492598,587,83.7291
453,3.478858,588,81.31272
454,3.545785,589,78.25517
455,3.563071,590,75.31036
456,3.598972,591,72.57966
457,3.67432,592,70.328
458,3.758532,593,67.81285
459,3.887067,594,65.81201
460,3.944242,595,63.3821
461,4.028455,596,60.90107
462,4.117543,597,59.01686
463,4.219041,598,56.98708
464,4.400763,599,54.91627
465,4.418934,600,52.71515
466,4.622374,601,51.12669
467,4.843985,602,48.9525
468,5.025707,603,47.53726
469,5.128091,604,45.82972
470,5.40289,605,44.54306
471,5.659516,606,42.623
472,5.88556,607,41.28638
473,6.062849,608,39.88855
474,6.342523,609,38.99814
475,6.546406,610,37.83992
476,6.830069,611,36.90371
477,7.042816,612,35.97457
478,7.392962,613,34.84097
479,7.579116,614,34.13011
480,7.919954,615,33.38267
481,8.168602,616,32.91486
482,8.513872,617,32.07269
483,8.801968,618,31.53346
484,9.192448,619,30.94642
485,9.449517,620,30.21065
486,9.866147,621,29.61412
487,10.19413,622,28.86222
488,10.56644,623,28.61384
489,11.03182,624,28.25013
490,11.45687,625,27.5541
491,11.86065,626,27.15036
492,12.45856,627,26.72143
493,12.97314,628,26.16319
494,13.56263,629,25.43362
495,14.12109,630,25.13153
496,14.81252,631,24.74118
497,15.45475,632,24.1579
498,16.31061,633,23.22659
499,16.97544,634,22.98066
500,17.91065,635,22.39694
501,18.87244,636,21.48263
502,19.73672,637,21.04894
503,20.7291,638,20.39135
504,21.8283,639,19.72167
505,22.91862,640,18.91636
506,24.02269,641,18.41255
507,25.21053,642,17.77224
508,26.28313,643,17.34201
509,27.4262,644,16.83619
510,28.60961,645,16.139
511,29.67778,646,15.43678
512,30.76855,647,14.92779
513,31.84558,648,14.42989
514,32.97137,649,13.91974
515,33.95931,650,13.25424
516,34.97474,651,12.70248
517,35.9188,652,12.08363
518,36.80082,653,11.88521
519,37.59862,654,11.54425
520,38.3255,655,11.43439
521,39.06569,656,10.79524
522,39.73008,657,10.43038
523,40.33286,658,10.32858
524,40.95781,659,10.06119
525,41.62309,660,9.422038
526,42.25645,661,9.257462
527,42.96605,662,9.144433
528,43.75898,663,8.808801
529,44.59711,664,8.478496
530,45.51902,665,8.102259
531,46.54286,666,7.985198
532,47.6815,667,7.5482
533,48.98014,668,7.428546
534,50.41663,669,7.03388
535,52.02553,670,6.821212
536,53.69205,671,6.63259
537,55.72157,672,6.395444
538,57.73868,673,6.288175
539,59.99025,674,6.131229
540,62.3482,675,6.135261
541,64.88344,676,5.711077
542,67.56449,677,5.58984
543,70.36566,678,5.504601
544,73.36628,679,5.269183
545,76.37576,680,5.140747
546,79.41628,681,5.088912
547,82.38188,682,4.873652
548,85.15202,683,4.68503
549,87.91286,684,4.654073
550,90.27081,685,4.592734
551,92.52681,686,4.335863
552,94.42824,687,4.348966
553,96.10806,688,4.246879
554,97.43374,689,4.085182
555,98.70978,690,3.987272
556,99.3396,691,3.957467
557,99.84487,692,3.946091
558,100,693,3.781659
559,99.92421,694,3.717873
560,99.30414,695,3.712257
561,98.37736,696,3.53141
562,97.08803,697,3.482743
563,95.32798,698,3.349556
564,93.21824,699,3.280586
565,90.66971,700,3.15719
566,87.84239,,
567,84.73983,,
568,81.3802,,
569,77.76305,,
570,73.98724,,
571,70.242,,
572,66.31017,,
573,62.40537,,
574,58.45227,,
575,54.56032
576,50.62051
577,46.7955
578,43.19653
579,39.55279
580,36.25521
581,32.95763
582,29.96144
583,27.01844
584,24.43002
585,21.94353
586,19.78548
587,17.71519
588,15.87581
589,14.19644
590,12.71164
591,11.33765
592,10.17596
593,9.068345
594,8.137576
595,7.295009
596,6.524244
597,5.770765
598,5.216293
599,4.715451
600,4.254942
601,3.820584
602,3.474869
603,3.115415
604,2.814024
605,2.561386
606,2.295453
607,2.135892
608,1.896552
609,1.701534
610,1.648347
611,1.520255
612,1.382856
613,1.267175
614,1.253878
615,1.147505
616,1.063735
617,0.9928198
618,0.9130397
619,0.8288273
620,0.8155305
621,0.7175782
622,0.7042815
623,0.6781314
624,0.6249446
625,0.5230033
626,0.5269923
627,0.4738055
628,0.4964099
629,0.4516443
630,0.4161865
631,0.3767397
632,0.3767397
633,0.3235529
634,0.2615016
635,0.252194
636,0.1635493
637,0.1329669
638,7.49E-02
639,8.42E-02
640,0.0882014
641,7.05E-02
642,5.27E-02
643,0.0172857
644,1.29E-02
645,-3.99E-02
646,-0.0882014
647,-0.119227
648,-0.1595603
649,-0.1901427
650,-0.1462636
