# wl,abs, wl,em
350,10.41756,540,6.93275
351,10.81146,541,7.505341
352,11.23233,542,8.474868
353,11.57709,543,9.55338
354,11.87259,544,10.74769
355,12.11884,545,12.2156
356,12.24518,546,13.67327
357,12.29443,547,15.46663
358,12.21092,548,17.53577
359,12.00096,549,19.57483
360,11.73544,550,21.88116
361,11.37998,551,24.44272
362,10.93886,552,27.32562
363,10.4454,553,30.21004
364,9.970985,554,33.88199
365,9.395075,555,37.32471
366,8.892826,556,41.49427
367,8.336082,557,45.3306
368,7.793255,558,49.09491
369,7.294433,559,53.32137
370,6.809422,560,57.55435
371,6.354283,561,61.70582
372,5.94636,562,66.18329
373,5.539507,563,70.31325
374,5.195931,564,74.49227
375,4.913169,565,77.87284
376,4.631692,566,81.05496
377,4.38758,567,84.81764
378,4.201178,568,87.66414
379,4.046039,569,90.73891
380,3.892827,570,93.32802
381,3.805032,571,95.02927
382,3.737687,572,96.61726
383,3.679872,573,98.19705
384,3.634904,574,98.7113
385,3.665846,575,99.13476
386,3.640257,576,99.77413
387,3.64454,577,99.58154
388,3.675482,578,99.5373
389,3.662741,579,98.41448
390,3.711884,580,97.2693
391,3.743041,581,96.3413
392,3.765525,582,94.918
393,3.815846,583,93.25388
394,3.854283,584,91.42675
395,3.894005,585,89.10403
396,3.960386,586,87.37191
397,3.982869,587,84.98492
398,4.020236,588,82.62283
399,4.042827,589,80.14789
400,4.076981,590,77.97573
401,4.078159,591,75.04292
402,4.088758,592,73.00097
403,4.083405,593,70.62616
404,4.084583,594,68.11414
405,4.055568,595,65.88569
406,4.06424,596,63.52861
407,4.013812,597,61.29936
408,3.955032,598,59.2653
409,3.927195,599,57.31932
410,3.920664,600,55.34145
411,3.839293,601,53.26839
412,3.830835,602,51.40354
413,3.77409,603,49.66304
414,3.762313,604,48.09313
415,3.72152,605,46.17843
416,3.686296,606,44.33191
417,3.656317,607,43.28624
418,3.618737,608,41.87969
419,3.585546,609,40.65923
420,3.567345,610,39.29517
421,3.520343,611,38.50069
422,3.472163,612,37.65293
423,3.423983,613,36.73536
424,3.386403,614,35.63865
425,3.335118,615,35.03302
426,3.266595,616,34.17242
427,3.228051,617,33.44805
428,3.160492,618,32.46965
429,3.081371,619,31.89634
430,3.005246,620,31.15961
431,2.93469,621,30.61336
432,2.856531,622,29.99623
433,2.783726,623,29.51399
434,2.700107,624,29.00476
435,2.637045,625,28.32216
436,2.550214,626,27.66457
437,2.494539,627,27.20012
438,2.405675,628,26.65984
439,2.374732,629,26.1438
440,2.293362,630,25.56421
441,2.296467,631,25.14063
442,2.194861,632,24.57775
443,2.178694,633,23.98532
444,2.116702,634,23.47024
445,2.121949,635,23.02586
446,2.091007,636,22.39209
447,2.107066,637,21.40737
448,2.126231,638,21.00808
449,2.15621,639,20.32783
450,2.163704,640,19.92752
451,2.22152,641,19.50406
452,2.277195,642,18.86661
453,2.354283,643,18.32633
454,2.432441,644,17.75693
455,2.518201,645,17.16306
456,2.611349,646,16.74039
457,2.745075,647,16.38426
458,2.859636,648,15.79009
459,3.009529,649,15.22744
460,3.145503,650,14.69349
461,3.345824,651,14.1936
462,3.511777,652,13.60491
463,3.755889,653,13.26856
464,3.938865,654,12.85721
465,4.175589,655,12.48921
466,4.39711,656,11.95122
467,4.692613,657,11.51233
468,4.940043,658,11.13046
469,5.233298,659,10.43996
470,5.525696,660,10.16057
471,5.825375,661,9.761103
472,6.151927,662,9.487375
473,6.442077,663,9.029676
474,6.770771,664,8.87488
475,7.114454,665,8.431467
476,7.434583,666,7.982027
477,7.778373,667,7.905051
478,8.142291,668,7.539157
479,8.514989,669,7.176157
480,8.874625,670,7.164764
481,9.264347,671,6.894895
482,9.635975,672,6.717494
483,10.07281,673,6.555584
484,10.47752,674,6.551787
485,10.91959,675,6.149847
486,11.36285,676,6.125795
487,11.88105,677,6.037305
488,12.3939,678,5.676777
489,12.98822,679,5.667614
490,13.58565,680,5.439096
491,14.29657,681,5.199306
492,14.99026,682,5.127695
493,15.7879,683,5.023593
494,16.62623,684,4.781754
495,17.5288,685,4.718883
496,18.48929,686,4.579638
497,19.49358,687,4.449436
498,20.55246,688,4.49368
499,21.69368,689,4.290359
500,22.86296,690,4.175588
501,24.08983,691,4.161965
502,25.35535,692,4.096321
503,26.62099,693,3.8886
504,27.90782,694,3.906261
505,29.26863,695,3.751344
506,30.606,696,3.647061
507,31.94422,697,3.528071
508,33.22591,698,3.394734
509,34.50214,699,3.270378
510,35.70118,700,3.300698
511,36.89186,,
512,37.97002,,
513,39.02666,,
514,39.93255,,
515,40.83191,,
516,41.62195,,
517,42.36189,,
518,43.05343,,
519,43.67987,,
520,44.27623,,
521,44.87794,,
522,45.43137,,
523,46.06841,,
524,46.74625,,
525,47.42388
526,48.30717
527,49.24304
528,50.28041
529,51.50739
530,52.83833
531,54.34797
532,56.04283
533,57.9121
534,59.91317
535,62.16167
536,64.49454
537,67.02463
538,69.56424
539,72.36403
540,75.12409
541,77.92719
542,80.75161
543,83.52355
544,86.27945
545,88.83715
546,91.28897
547,93.50536
548,95.53415
549,97.21307
550,98.56317
551,99.50107
552,99.95824
553,100
554,99.49454
555,98.40257
556,96.95931
557,94.93469
558,92.42602
559,89.4636
560,86.04282
561,82.39722
562,78.48919
563,74.31681
564,70.00311
565,65.52023
566,60.89604
567,56.41435
568,51.95717
569,47.64229
570,43.3833
571,39.44957
572,35.59743
573,32.08555
574,28.72163
575,25.67559
576,22.803
577,20.14979
578,17.79872
579,15.59732
580,13.65846
581,11.90032
582,10.3939
583,9.025589
584,7.83833
585,6.782548
586,5.879979
587,5.063169
588,4.378908
589,3.777302
590,3.268737
591,2.812634
592,2.436831
593,2.111242
594,1.847966
595,1.584582
596,1.379015
597,1.186188
598,1.020343
599,0.8800856
600,0.7944326
601,0.6722698
602,0.6049251
603,0.5223769
604,0.4634904
605,0.3821199
606,0.3447537
607,0.2794433
608,0.2762313
609,0.2076017
610,0.2109208
611,0.1647752
612,0.1401499
613,0.108137
614,0.111349
615,8.78E-02
616,7.07E-02
617,5.88E-02
618,4.93E-02
619,1.81E-02
620,4.18E-02
621,9.64E-03
622,8.46E-03
623,1.81E-02
624,0.0117773
625,4.18E-03
626,4.18E-03
627,-7.49E-03
628,0.0127409
629,-2.78E-02
630,-9.64E-03
631,-1.50E-02
632,-2.03E-02
633,-2.13E-02
634,-3.74E-02
635,-3.42E-02
636,-4.39E-02
637,-3.53E-02
638,-4.81E-02
639,-3.95E-02
640,-4.07E-02
641,-0.0385439
642,-3.00E-02
643,-4.81E-02
644,-0.0512848
645,-4.81E-02
646,-4.49E-02
647,-5.25E-02
648,-4.49E-02
649,-4.59E-02
650,-3.00E-02
Data Copyright MP Inc.