# ATTO 390
# Data source: http://www.atto-tec.com/uploads/media/Katalog.pdf
Q0 0.9
extcoeffv 24000
tauf 5000

# ex-wav, exc-val, fluor-wav, fluor-val
250, 0.5665, 410, 0
251, 0.5775, 411, 0
252, 0.583, 412, 0
253, 0.5835, 413, 0
254, 0.5805, 414, 0
255, 0.5725, 415, 0.001
256, 0.565, 416, 0.001
257, 0.5555, 417, 0.001
258, 0.5445, 418, 0.001
259, 0.5325, 419, 0.001
260, 0.5175, 420, 0.002
261, 0.5015, 421, 0.002
262, 0.4835, 422, 0.003
263, 0.463, 423, 0.004
264, 0.44, 424, 0.004
265, 0.4145, 425, 0.005
266, 0.388, 426, 0.007
267, 0.3605, 427, 0.009
268, 0.332, 428, 0.011
269, 0.3035, 429, 0.013
270, 0.2755, 430, 0.016
271, 0.2475, 431, 0.02
272, 0.2195, 432, 0.025
273, 0.1925, 433, 0.03
274, 0.1695, 434, 0.037
275, 0.1475, 435, 0.044
276, 0.1285, 436, 0.053
277, 0.1125, 437, 0.062
278, 0.0995, 438, 0.074
279, 0.0895, 439, 0.087
280, 0.081, 440, 0.101
281, 0.075, 441, 0.117
282, 0.07, 442, 0.136
283, 0.0665, 443, 0.156
284, 0.0655, 444, 0.176
285, 0.064, 445, 0.2
286, 0.064, 446, 0.224
287, 0.0635, 447, 0.252
288, 0.063, 448, 0.28
289, 0.0625, 449, 0.312
290, 0.0615, 450, 0.345
291, 0.0595, 451, 0.377
292, 0.058, 452, 0.41
293, 0.0565, 453, 0.447
294, 0.0555, 454, 0.482
295, 0.055, 455, 0.517
296, 0.055, 456, 0.552
297, 0.0565, 457, 0.588
298, 0.058, 458, 0.622
299, 0.0595, 459, 0.654
300, 0.062, 460, 0.686
301, 0.0645, 461, 0.718
302, 0.0675, 462, 0.749
303, 0.07, 463, 0.777
304, 0.073, 464, 0.804
305, 0.076, 465, 0.831
306, 0.0805, 466, 0.857
307, 0.084, 467, 0.879
308, 0.088, 468, 0.901
309, 0.091, 469, 0.92
310, 0.0945, 470, 0.939
311, 0.0955, 471, 0.951
312, 0.098, 472, 0.963
313, 0.098, 473, 0.974
314, 0.099, 474, 0.984
315, 0.0995, 475, 0.991
316, 0.1, 476, 0.996
317, 0.1005, 477, 0.998
318, 0.1025, 478, 0.999
319, 0.1045, 479, 1
320, 0.1065, 480, 0.998
321, 0.108, 481, 0.996
322, 0.1115, 482, 0.994
323, 0.112, 483, 0.99
324, 0.113, 484, 0.984
325, 0.1125, 485, 0.979
326, 0.111, 486, 0.969
327, 0.1085, 487, 0.959
328, 0.106, 488, 0.949
329, 0.107, 489, 0.94
330, 0.1075, 490, 0.928
331, 0.1105, 491, 0.915
332, 0.115, 492, 0.903
333, 0.1205, 493, 0.891
334, 0.1285, 494, 0.878
335, 0.1355, 495, 0.863
336, 0.145, 496, 0.847
337, 0.155, 497, 0.83
338, 0.1645, 498, 0.814
339, 0.176, 499, 0.798
340, 0.188, 500, 0.779
341, 0.1995, 501, 0.764
342, 0.214, 502, 0.746
343, 0.2275, 503, 0.729
344, 0.2415, 504, 0.711
345, 0.257, 505, 0.694
346, 0.273, 506, 0.678
347, 0.2895, 507, 0.66
348, 0.3065, 508, 0.643
349, 0.3235, 509, 0.629
350, 0.3415, 510, 0.611
351, 0.3615, 511, 0.595
352, 0.3795, 512, 0.576
353, 0.3995, 513, 0.561
354, 0.4205, 514, 0.543
355, 0.44, 515, 0.527
356, 0.4615, 516, 0.514
357, 0.4825, 517, 0.497
358, 0.5035, 518, 0.483
359, 0.5265, 519, 0.469
360, 0.5485, 520, 0.455
361, 0.569, 521, 0.442
362, 0.593, 522, 0.427
363, 0.6145, 523, 0.414
364, 0.638, 524, 0.399
365, 0.661, 525, 0.389
366, 0.683, 526, 0.374
367, 0.708, 527, 0.361
368, 0.7305, 528, 0.35
369, 0.754, 529, 0.337
370, 0.7755, 530, 0.325
371, 0.7965, 531, 0.313
372, 0.817, 532, 0.301
373, 0.8375, 533, 0.29
374, 0.8565, 534, 0.28
375, 0.8755, 535, 0.271
376, 0.8925, 536, 0.261
377, 0.908, 537, 0.251
378, 0.9205, 538, 0.242
379, 0.934, 539, 0.235
380, 0.9455, 540, 0.226
381, 0.9565, 541, 0.218
382, 0.965, 542, 0.211
383, 0.973, 543, 0.203
384, 0.9805, 544, 0.197
385, 0.987, 545, 0.188
386, 0.992, 546, 0.182
387, 0.9955, 547, 0.174
388, 0.9985, 548, 0.168
389, 1, 549, 0.16
390, 1, 550, 0.154
391, 0.998, 551, 0.15
392, 0.995, 552, 0.143
393, 0.9895, 553, 0.138
394, 0.9815, 554, 0.132
395, 0.9725, 555, 0.127
396, 0.9595, 556, 0.122
397, 0.944, 557, 0.117
398, 0.926, 558, 0.113
399, 0.9055, 559, 0.108
400, 0.8815, 560, 0.105
401, 0.8555, 561, 0.102
402, 0.8275, 562, 0.098
403, 0.7955, 563, 0.095
404, 0.763, 564, 0.092
405, 0.727, 565, 0.087
406, 0.6905, 566, 0.084
407, 0.653, 567, 0.081
408, 0.6145, 568, 0.078
409, 0.5755, 569, 0.075
410, 0.5375, 570, 0.072
411, 0.4995, 571, 0.069
412, 0.462, 572, 0.067
413, 0.4255, 573, 0.064
414, 0.39, 574, 0.061
415, 0.356, 575, 0.059
416, 0.324, 576, 0.057
417, 0.293, 577, 0.055
418, 0.264, 578, 0.053
419, 0.2365, 579, 0.051
420, 0.211, 580, 0.049
421, 0.1885, 581, 0.048
422, 0.167, 582, 0.046
423, 0.148, 583, 0.044
424, 0.13, 584, 0.042
425, 0.114, 585, 0.041
426, 0.0995, 586, 0.039
427, 0.086, 587, 0.038
428, 0.0755, 588, 0.036
429, 0.065, 589, 0.035
430, 0.0555, 590, 0.034
431, 0.048, 591, 0.032
432, 0.0405, 592, 0.031
433, 0.0335, 593, 0.03
434, 0.0295, 594, 0.029
435, 0.024, 595, 0.028
436, 0.0205, 596, 0.027
437, 0.017, 597, 0.026
438, 0.015, 598, 0.025
439, 0.012, 599, 0.024
440, 0.01, 600, 0.023
441, 0.008, 601, 0.022
442, 0.0065, 602, 0.021
443, 0.005, 603, 0.021
444, 0.004, 604, 0.02
445, 0.004, 605, 0.02
446, 0.003, 606, 0.019
447, 0.002, 607, 0.018
448, 0.002, 608, 0.017
449, 0.0015, 609, 0.017
450, 0.001, 610, 0.016
, , 611, 0.015
, , 612, 0.015
, , 613, 0.014
, , 614, 0.014
, , 615, 0.013
, , 616, 0.013
, , 617, 0.012
, , 618, 0.012
, , 619, 0.012
, , 620, 0.011
, , 621, 0.011
, , 622, 0.01
, , 623, 0.01
, , 624, 0.01
, , 625, 0.009
, , 626, 0.009
, , 627, 0.009
, , 628, 0.008
, , 629, 0.008
, , 630, 0.008
, , 631, 0.008
, , 632, 0.007
, , 633, 0.007
, , 634, 0.007
, , 635, 0.007
, , 636, 0.006
, , 637, 0.006
, , 638, 0.006
, , 639, 0.006
, , 640, 0.006
, , 641, 0.005
, , 642, 0.005
, , 643, 0.005
, , 644, 0.005
, , 645, 0.004
, , 646, 0.004
, , 647, 0.004
, , 648, 0.004
, , 649, 0.004
, , 650, 0.004
, , 651, 0.004
, , 652, 0.004
, , 653, 0.003
, , 654, 0.003
, , 655, 0.003
, , 656, 0.003
, , 657, 0.003
, , 658, 0.003
, , 659, 0.003
, , 660, 0.003
, , 661, 0.003
, , 662, 0.003
, , 663, 0.002
, , 664, 0.002
, , 665, 0.002
, , 666, 0.002
, , 667, 0.002
, , 668, 0.002
, , 669, 0.002
, , 670, 0.002
