# ATTO 647N
# Data source: http://www.atto-tec.com/uploads/media/Katalog.pdf
Q0 0.65
extcoeffv 150000
tauf 3500

# ex-wav, exc-val, fluor-wav, fluor-val
250, 0.082, 600, 0.003
251, 0.079, 601, 0.003
252, 0.076, 602, 0.002
253, 0.074, 603, 0.002
254, 0.071, 604, 0.001
255, 0.07, 605, 0.003
256, 0.068, 606, 0.003
257, 0.066, 607, 0.004
258, 0.064, 608, 0.003
259, 0.063, 609, 0.003
260, 0.061, 610, 0.003
261, 0.058, 611, 0.005
262, 0.057, 612, 0.005
263, 0.055, 613, 0.003
264, 0.053, 614, 0.005
265, 0.051, 615, 0.006
266, 0.048, 616, 0.005
267, 0.046, 617, 0.005
268, 0.045, 618, 0.005
269, 0.044, 619, 0.008
270, 0.045, 620, 0.008
271, 0.043, 621, 0.011
272, 0.042, 622, 0.013
273, 0.043, 623, 0.012
274, 0.042, 624, 0.015
275, 0.043, 625, 0.017
276, 0.043, 626, 0.023
277, 0.045, 627, 0.025
278, 0.044, 628, 0.031
279, 0.045, 629, 0.036
280, 0.045, 630, 0.043
281, 0.047, 631, 0.049
282, 0.047, 632, 0.056
283, 0.049, 633, 0.063
284, 0.051, 634, 0.07
285, 0.051, 635, 0.079
286, 0.053, 636, 0.088
287, 0.056, 637, 0.098
288, 0.058, 638, 0.11
289, 0.059, 639, 0.118
290, 0.061, 640, 0.129
291, 0.064, 641, 0.144
292, 0.067, 642, 0.167
293, 0.069, 643, 0.185
294, 0.072, 644, 0.206
295, 0.076, 645, 0.238
296, 0.079, 646, 0.263
297, 0.083, 647, 0.296
298, 0.088, 648, 0.328
299, 0.09, 649, 0.363
300, 0.095, 650, 0.401
301, 0.098, 651, 0.44
302, 0.102, 652, 0.478
303, 0.106, 653, 0.521
304, 0.11, 654, 0.56
305, 0.112, 655, 0.601
306, 0.116, 656, 0.64
307, 0.119, 657, 0.685
308, 0.123, 658, 0.723
309, 0.125, 659, 0.769
310, 0.126, 660, 0.805
311, 0.13, 661, 0.844
312, 0.133, 662, 0.877
313, 0.133, 663, 0.908
314, 0.136, 664, 0.932
315, 0.137, 665, 0.951
316, 0.137, 666, 0.969
317, 0.137, 667, 0.986
318, 0.138, 668, 0.993
319, 0.137, 669, 1
320, 0.135, 670, 1
321, 0.133, 671, 0.999
322, 0.131, 672, 0.987
323, 0.127, 673, 0.98
324, 0.123, 674, 0.963
325, 0.12, 675, 0.951
326, 0.114, 676, 0.932
327, 0.106, 677, 0.911
328, 0.096, 678, 0.883
329, 0.088, 679, 0.86
330, 0.081, 680, 0.834
331, 0.073, 681, 0.805
332, 0.066, 682, 0.778
333, 0.06, 683, 0.753
334, 0.053, 684, 0.724
335, 0.051, 685, 0.695
336, 0.047, 686, 0.667
337, 0.041, 687, 0.639
338, 0.039, 688, 0.608
339, 0.037, 689, 0.581
340, 0.034, 690, 0.554
341, 0.032, 691, 0.532
342, 0.03, 692, 0.507
343, 0.03, 693, 0.486
344, 0.027, 694, 0.472
345, 0.027, 695, 0.452
346, 0.027, 696, 0.433
347, 0.027, 697, 0.421
348, 0.024, 698, 0.406
349, 0.024, 699, 0.392
350, 0.024, 700, 0.377
351, 0.025, 701, 0.367
352, 0.023, 702, 0.356
353, 0.023, 703, 0.346
354, 0.022, 704, 0.332
355, 0.021, 705, 0.325
356, 0.021, 706, 0.314
357, 0.022, 707, 0.307
358, 0.022, 708, 0.304
359, 0.023, 709, 0.295
360, 0.023, 710, 0.293
361, 0.022, 711, 0.284
362, 0.022, 712, 0.285
363, 0.023, 713, 0.282
364, 0.023, 714, 0.276
365, 0.025, 715, 0.273
366, 0.025, 716, 0.274
367, 0.025, 717, 0.27
368, 0.025, 718, 0.271
369, 0.028, 719, 0.268
370, 0.028, 720, 0.265
371, 0.027, 721, 0.267
372, 0.029, 722, 0.263
373, 0.029, 723, 0.257
374, 0.03, 724, 0.26
375, 0.028, 725, 0.256
376, 0.03, 726, 0.254
377, 0.029, 727, 0.254
378, 0.031, 728, 0.249
379, 0.032, 729, 0.249
380, 0.033, 730, 0.246
381, 0.034, 731, 0.244
382, 0.035, 732, 0.239
383, 0.037, 733, 0.241
384, 0.036, 734, 0.232
385, 0.036, 735, 0.234
386, 0.037, 736, 0.228
387, 0.039, 737, 0.221
388, 0.04, 738, 0.217
389, 0.041, 739, 0.215
390, 0.041, 740, 0.21
391, 0.042, 741, 0.209
392, 0.043, 742, 0.201
393, 0.043, 743, 0.202
394, 0.044, 744, 0.193
395, 0.043, 745, 0.187
396, 0.045, 746, 0.186
397, 0.044, 747, 0.175
398, 0.044, 748, 0.174
399, 0.045, 749, 0.173
400, 0.043, 750, 0.164
401, 0.043, 751, 0.152
402, 0.045, 752, 0.154
403, 0.044, 753, 0.153
404, 0.042, 754, 0.143
405, 0.043, 755, 0.139
406, 0.044, 756, 0.136
407, 0.044, 757, 0.133
408, 0.045, 758, 0.13
409, 0.045, 759, 0.125
410, 0.045, 760, 0.116
411, 0.045, 761, 0.116
412, 0.046, 762, 0.101
413, 0.048, 763, 0.108
414, 0.049, 764, 0.106
415, 0.049, 765, 0.099
416, 0.049, 766, 0.093
417, 0.049, 767, 0.094
418, 0.051, 768, 0.092
419, 0.05, 769, 0.089
420, 0.05, 770, 0.084
421, 0.048, 771, 0.075
422, 0.047, 772, 0.074
423, 0.046, 773, 0.073
424, 0.044, 774, 0.074
425, 0.042, 775, 0.071
426, 0.039, 776, 0.066
427, 0.036, 777, 0.07
428, 0.033, 778, 0.061
429, 0.032, 779, 0.063
430, 0.03, 780, 0.061
431, 0.027, 781, 0.061
432, 0.024, 782, 0.055
433, 0.023, 783, 0.055
434, 0.02, 784, 0.053
435, 0.019, 785, 0.055
436, 0.019, 786, 0.055
437, 0.016, 787, 0.051
438, 0.015, 788, 0.047
439, 0.014, 789, 0.048
440, 0.014, 790, 0.045
441, 0.013, 791, 0.05
442, 0.012, 792, 0.043
443, 0.013, 793, 0.046
444, 0.012, 794, 0.043
445, 0.011, 795, 0.047
446, 0.01, 796, 0.038
447, 0.01, 797, 0.048
448, 0.01, 798, 0.047
449, 0.011, 799, 0.042
450, 0.011, 800, 0.05
451, 0.01, 801, 0.041
452, 0.01, 802, 0.036
453, 0.01, 803, 0.038
454, 0.011, 804, 0.036
455, 0.01, 805, 0.038
456, 0.01, 806, 0.04
457, 0.01, 807, 0.036
458, 0.011, 808, 0.036
459, 0.011, 809, 0.044
460, 0.011, 810, 0.041
461, 0.011, 811, 0.038
462, 0.01, 812, 0.035
463, 0.011, 813, 0.034
464, 0.011, 814, 0.028
465, 0.012, 815, 0.037
466, 0.011, 816, 0.033
467, 0.01, 817, 0.035
468, 0.012, 818, 0.032
469, 0.011, 819, 0.042
470, 0.011, 820, 0.031
471, 0.012, 821, 0.034
472, 0.012, 822, 0.031
473, 0.011, 823, 0.029
474, 0.012, 824, 0.026
475, 0.011, 825, 0.023
476, 0.011, 826, 0.032
477, 0.012, 827, 0.037
478, 0.013, 828, 0.024
479, 0.012, 829, 0.033
480, 0.013, 830, 0.027
481, 0.013, 831, 0.034
482, 0.012, 832, 0.028
483, 0.013, 833, 0.027
484, 0.013, 834, 0.024
485, 0.013, 835, 0.027
486, 0.013, 836, 0.021
487, 0.013, 837, 0.03
488, 0.013, 838, 0.018
489, 0.013, 839, 0.028
490, 0.014, 840, 0.027
491, 0.014, 841, 0.022
492, 0.014, 842, 0.018
493, 0.015, 843, 0.024
494, 0.014, 844, 0.018
495, 0.015, 845, 0.022
496, 0.015, 846, 0.016
497, 0.016, 847, 0.011
498, 0.016, 848, 0.025
499, 0.016, 849, 0.017
500, 0.017, 850, 0.018
501, 0.016, 851, 0.024
502, 0.016, 852, 0.019
503, 0.017, 853, 0.019
504, 0.015, 854, 0.019
505, 0.017, 855, 0.018
506, 0.017, 856, 0.02
507, 0.017, 857, 0.012
508, 0.018, 858, 0.017
509, 0.019, 859, 0.019
510, 0.019, 860, 0.017
511, 0.018, 861, 0.015
512, 0.019, 862, 0.017
513, 0.02, 863, 0.012
514, 0.021, 864, 0.016
515, 0.02, 865, 0.018
516, 0.02, 866, 0.014
517, 0.022, 867, 0.017
518, 0.023, 868, 0.01
519, 0.024, 869, 0.007
520, 0.024, 870, 0.016
521, 0.023, 871, 0.022
522, 0.025, 872, 0.016
523, 0.026, 873, 0.02
524, 0.026, 874, 0.012
525, 0.027, 875, 0.016
526, 0.028, 876, 0.012
527, 0.029, 877, 0.008
528, 0.029, 878, 0.012
529, 0.031, 879, 0.014
530, 0.032, 880, 0.013
531, 0.033, 881, 0.015
532, 0.034, 882, 0.011
533, 0.035, 883, 0.006
534, 0.036, 884, 0.01
535, 0.037, 885, 0.014
536, 0.039, 886, 0.012
537, 0.04, 887, 0.011
538, 0.042, 888, 0.014
539, 0.044, 889, 0.012
540, 0.045, 890, 0.009
541, 0.046, 891, 0.011
542, 0.048, 892, 0.01
543, 0.049, 893, 0.009
544, 0.051, 894, 0.008
545, 0.052, 895, 0.012
546, 0.054, 896, 0.012
547, 0.056, 897, 0.01
548, 0.057, 898, 0.009
549, 0.059, 899, 0.009
550, 0.06, 900, 0.008
551, 0.062, 901, 0.008
552, 0.063, 902, 0.008
553, 0.065, 903, 0.008
554, 0.066, 904, 0.008
555, 0.068, 905, 0.008
556, 0.07, 906, 0.007
557, 0.072, 907, 0.007
558, 0.074, 908, 0.007
559, 0.076, 909, 0.007
560, 0.078, 910, 0.007
561, 0.08, 911, 0.007
562, 0.082, 912, 0.006
563, 0.085, 913, 0.006
564, 0.088, 914, 0.006
565, 0.091, 915, 0.006
566, 0.095, 916, 0.006
567, 0.099, 917, 0.006
568, 0.103, 918, 0.006
569, 0.107, 919, 0.006
570, 0.112, 920, 0.005
571, 0.117, 921, 0.005
572, 0.123, 922, 0.005
573, 0.129, 923, 0.005
574, 0.135, 924, 0.005
575, 0.141, 925, 0.005
576, 0.148, 926, 0.005
577, 0.155, 927, 0.004
578, 0.162, 928, 0.004
579, 0.17, 929, 0.004
580, 0.179, 930, 0.004
581, 0.186, 931, 0.004
582, 0.194, 932, 0.004
583, 0.202, 933, 0.004
584, 0.211, 934, 0.004
585, 0.219, 935, 0.004
586, 0.226, 936, 0.004
587, 0.235, 937, 0.004
588, 0.241, 938, 0.003
589, 0.248, 939, 0.003
590, 0.254, 940, 0.003
591, 0.259, , 
592, 0.265, , 
593, 0.268, , 
594, 0.272, , 
595, 0.275, , 
596, 0.277, , 
597, 0.278, , 
598, 0.28, , 
599, 0.28, , 
600, 0.28, , 
601, 0.28, , 
602, 0.279, , 
603, 0.278, , 
604, 0.278, , 
605, 0.277, , 
606, 0.276, , 
607, 0.276, , 
608, 0.277, , 
609, 0.278, , 
610, 0.279, , 
611, 0.282, , 
612, 0.286, , 
613, 0.291, , 
614, 0.298, , 
615, 0.306, , 
616, 0.314, , 
617, 0.326, , 
618, 0.337, , 
619, 0.35, , 
620, 0.365, , 
621, 0.383, , 
622, 0.401, , 
623, 0.422, , 
624, 0.441, , 
625, 0.466, , 
626, 0.49, , 
627, 0.516, , 
628, 0.545, , 
629, 0.573, , 
630, 0.604, , 
631, 0.635, , 
632, 0.667, , 
633, 0.7, , 
634, 0.734, , 
635, 0.767, , 
636, 0.8, , 
637, 0.832, , 
638, 0.863, , 
639, 0.893, , 
640, 0.919, , 
641, 0.943, , 
642, 0.963, , 
643, 0.98, , 
644, 0.993, , 
645, 0.999, , 
646, 1, , 
647, 0.995, , 
648, 0.984, , 
649, 0.968, , 
650, 0.947, , 
651, 0.921, , 
652, 0.888, , 
653, 0.853, , 
654, 0.813, , 
655, 0.771, , 
656, 0.727, , 
657, 0.68, , 
658, 0.635, , 
659, 0.588, , 
660, 0.542, , 
661, 0.499, , 
662, 0.457, , 
663, 0.416, , 
664, 0.377, , 
665, 0.341, , 
666, 0.308, , 
667, 0.277, , 
668, 0.249, , 
669, 0.222, , 
670, 0.198, , 
671, 0.178, , 
672, 0.158, , 
673, 0.14, , 
674, 0.124, , 
675, 0.11, , 
676, 0.098, , 
677, 0.087, , 
678, 0.077, , 
679, 0.069, , 
680, 0.06, , 
681, 0.054, , 
682, 0.047, , 
683, 0.043, , 
684, 0.037, , 
685, 0.033, , 
686, 0.03, , 
687, 0.027, , 
688, 0.024, , 
689, 0.022, , 
690, 0.02, , 
691, 0.018, , 
692, 0.017, , 
693, 0.015, , 
694, 0.014, , 
695, 0.012, , 
696, 0.011, , 
697, 0.01, , 
698, 0.011, , 
699, 0.01, , 
700, 0.009, , 
701, 0.009, , 
702, 0.009, , 
703, 0.008, , 
704, 0.009, , 
705, 0.007, , 
706, 0.007, , 
707, 0.007, , 
708, 0.007, , 
709, 0.007, , 
710, 0.008, , 
711, 0.008, , 
712, 0.008, , 
713, 0.007, , 
714, 0.007, , 
715, 0.006, , 
716, 0.006, , 
717, 0.006, , 
718, 0.007, , 
719, 0.006, , 
720, 0.006, , 
