# ATTO MB2
# Data source: http://www.atto-tec.com/uploads/media/Katalog.pdf
# ex-wav, exc-val, fluor-wav, fluor-val
200, 0.1436, , 
201, 0.14185, , 
202, 0.1348, , 
203, 0.12995, , 
204, 0.12505, , 
205, 0.121, , 
206, 0.11745, , 
207, 0.11265, , 
208, 0.1108, , 
209, 0.10835, , 
210, 0.10545, , 
211, 0.10395, , 
212, 0.1016, , 
213, 0.09995, , 
214, 0.0991, , 
215, 0.09795, , 
216, 0.09675, , 
217, 0.09675, , 
218, 0.09595, , 
219, 0.09495, , 
220, 0.09535, , 
221, 0.09465, , 
222, 0.0952, , 
223, 0.09615, , 
224, 0.097, , 
225, 0.09815, , 
226, 0.09925, , 
227, 0.10085, , 
228, 0.10105, , 
229, 0.1016, , 
230, 0.1026, , 
231, 0.10385, , 
232, 0.1059, , 
233, 0.10905, , 
234, 0.11315, , 
235, 0.118, , 
236, 0.12425, , 
237, 0.13105, , 
238, 0.1382, , 
239, 0.14655, , 
240, 0.15435, , 
241, 0.16265, , 
242, 0.1711, , 
243, 0.17885, , 
244, 0.18525, , 
245, 0.1894, , 
246, 0.1904, , 
247, 0.18655, , 
248, 0.1795, , 
249, 0.1699, , 
250, 0.15965, , 
251, 0.1497, , 
252, 0.13975, , 
253, 0.1319, , 
254, 0.1251, , 
255, 0.1193, , 
256, 0.115, , 
257, 0.11185, , 
258, 0.10965, , 
259, 0.10815, , 
260, 0.10825, , 
261, 0.10925, , 
262, 0.11175, , 
263, 0.1157, , 
264, 0.12045, , 
265, 0.12665, , 
266, 0.13295, , 
267, 0.13985, , 
268, 0.1469, , 
269, 0.15425, , 
270, 0.16235, , 
271, 0.1701, , 
272, 0.1794, , 
273, 0.18935, , 
274, 0.20075, , 
275, 0.21305, , 
276, 0.2262, , 
277, 0.2415, , 
278, 0.25655, , 
279, 0.2726, , 
280, 0.28915, , 
281, 0.30555, , 
282, 0.32245, , 
283, 0.3397, , 
284, 0.358, , 
285, 0.3765, , 
286, 0.3959, , 
287, 0.4167, , 
288, 0.4366, , 
289, 0.45445, , 
290, 0.46915, , 
291, 0.4787, , 
292, 0.4811, , 
293, 0.47635, , 
294, 0.464, , 
295, 0.4453, , 
296, 0.42195, , 
297, 0.39405, , 
298, 0.3647, , 
299, 0.33535, , 
300, 0.3062, , 
301, 0.27805, , 
302, 0.2512, , 
303, 0.22625, , 
304, 0.20275, , 
305, 0.18215, , 
306, 0.16425, , 
307, 0.14915, , 
308, 0.1368, , 
309, 0.12665, , 
310, 0.11945, , 
311, 0.11315, , 
312, 0.10885, , 
313, 0.1051, , 
314, 0.10205, , 
315, 0.0997, , 
316, 0.0976, , 
317, 0.09615, , 
318, 0.0941, , 
319, 0.09355, , 
320, 0.09275, , 
321, 0.0925, , 
322, 0.0924, , 
323, 0.0922, , 
324, 0.0921, , 
325, 0.0913, , 
326, 0.0897, , 
327, 0.0878, , 
328, 0.08495, , 
329, 0.0812, , 
330, 0.07625, , 
331, 0.0714, , 
332, 0.0662, , 
333, 0.06045, , 
334, 0.0555, , 
335, 0.05055, , 
336, 0.0462, , 
337, 0.0422, , 
338, 0.0385, , 
339, 0.0352, , 
340, 0.0325, , 
341, 0.03, , 
342, 0.02795, , 
343, 0.0261, , 
344, 0.0244, , 
345, 0.02295, , 
346, 0.0215, , 
347, 0.02035, , 
348, 0.01925, , 
349, 0.0184, , 
350, 0.0173, , 
351, 0.01635, , 
352, 0.0158, , 
353, 0.01525, , 
354, 0.0145, , 
355, 0.0142, , 
356, 0.0137, , 
357, 0.01325, , 
358, 0.01285, , 
359, 0.01255, , 
360, 0.01245, , 
361, 0.01225, , 
362, 0.01245, , 
363, 0.0121, , 
364, 0.0119, , 
365, 0.01195, , 
366, 0.01195, , 
367, 0.01195, , 
368, 0.01185, , 
369, 0.012, , 
370, 0.01175, , 
371, 0.01165, , 
372, 0.01185, , 
373, 0.0119, , 
374, 0.01175, , 
375, 0.01185, , 
376, 0.01185, , 
377, 0.01225, , 
378, 0.01225, , 
379, 0.01245, , 
380, 0.0129, , 
381, 0.01305, , 
382, 0.01335, , 
383, 0.01365, , 
384, 0.0139, , 
385, 0.0142, , 
386, 0.0143, , 
387, 0.01445, , 
388, 0.0142, , 
389, 0.01415, , 
390, 0.01395, , 
391, 0.01375, , 
392, 0.01315, , 
393, 0.01275, , 
394, 0.01205, , 
395, 0.01135, , 
396, 0.0104, , 
397, 0.00975, , 
398, 0.00915, , 
399, 0.0084, , 
400, 0.00775, , 
401, 0.00725, , 
402, 0.00665, , 
403, 0.0062, , 
404, 0.0057, , 
405, 0.0054, , 
406, 0.00515, , 
407, 0.00485, , 
408, 0.0046, , 
409, 0.00445, , 
410, 0.0042, , 
411, 0.00415, , 
412, 0.004, , 
413, 0.00425, , 
414, 0.00425, , 
415, 0.0042, , 
416, 0.00425, , 
417, 0.0042, , 
418, 0.00445, , 
419, 0.0046, , 
420, 0.00445, , 
421, 0.00495, , 
422, 0.00485, , 
423, 0.00495, , 
424, 0.00515, , 
425, 0.0053, , 
426, 0.00555, , 
427, 0.0055, , 
428, 0.00585, , 
429, 0.0062, , 
430, 0.00635, , 
431, 0.00645, , 
432, 0.00695, , 
433, 0.0071, , 
434, 0.00725, , 
435, 0.00745, , 
436, 0.008, , 
437, 0.0081, , 
438, 0.00865, , 
439, 0.00895, , 
440, 0.0092, , 
441, 0.00945, , 
442, 0.0099, , 
443, 0.01025, , 
444, 0.0105, , 
445, 0.01095, , 
446, 0.01135, , 
447, 0.01185, , 
448, 0.01205, , 
449, 0.01255, , 
450, 0.01305, , 
451, 0.0133, , 
452, 0.01385, , 
453, 0.0143, , 
454, 0.0146, , 
455, 0.01505, , 
456, 0.01545, , 
457, 0.01605, , 
458, 0.0162, , 
459, 0.01655, , 
460, 0.017, , 
461, 0.01725, , 
462, 0.01765, , 
463, 0.01825, , 
464, 0.0185, , 
465, 0.01885, , 
466, 0.01925, , 
467, 0.01985, , 
468, 0.02025, , 
469, 0.0205, , 
470, 0.021, , 
471, 0.02155, , 
472, 0.0218, , 
473, 0.02225, , 
474, 0.023, , 
475, 0.0233, , 
476, 0.0236, , 
477, 0.02425, , 
478, 0.0247, , 
479, 0.02505, , 
480, 0.0255, , 
481, 0.02595, , 
482, 0.0263, , 
483, 0.02665, , 
484, 0.02695, , 
485, 0.02715, , 
486, 0.02725, , 
487, 0.0277, , 
488, 0.02785, , 
489, 0.02785, , 
490, 0.02805, , 
491, 0.0281, , 
492, 0.028, , 
493, 0.0279, , 
494, 0.02785, , 
495, 0.0276, , 
496, 0.0273, , 
497, 0.0273, , 
498, 0.02705, , 
499, 0.0267, , 
500, 0.0263, , 
501, 0.0263, , 
502, 0.02595, , 
503, 0.0256, , 
504, 0.02545, , 
505, 0.0253, , 
506, 0.025, , 
507, 0.0247, , 
508, 0.0246, , 
509, 0.0244, , 
510, 0.0242, , 
511, 0.0244, , 
512, 0.0243, , 
513, 0.02425, , 
514, 0.0243, , 
515, 0.0246, , 
516, 0.02455, , 
517, 0.0248, , 
518, 0.025, , 
519, 0.0253, , 
520, 0.0254, , 
521, 0.026, , 
522, 0.0264, , 
523, 0.0269, , 
524, 0.02715, , 
525, 0.0278, , 
526, 0.02845, , 
527, 0.02905, , 
528, 0.0297, , 
529, 0.03065, , 
530, 0.03125, , 
531, 0.03215, , 
532, 0.0333, , 
533, 0.0342, , 
534, 0.0351, , 
535, 0.0363, , 
536, 0.03775, , 
537, 0.0389, , 
538, 0.0401, , 
539, 0.0417, , 
540, 0.0432, , 
541, 0.0448, , 
542, 0.0464, , 
543, 0.0482, , 
544, 0.05005, , 
545, 0.05185, , 
546, 0.05395, , 
547, 0.05605, , 
548, 0.058, , 
549, 0.06025, , 
550, 0.0628, , 
551, 0.0649, , 
552, 0.0673, , 
553, 0.07, , 
554, 0.0725, , 
555, 0.0751, , 
556, 0.07775, , 
557, 0.0806, , 
558, 0.0833, , 
559, 0.0862, , 
560, 0.0894, , 
561, 0.0925, , 
562, 0.0956, , 
563, 0.09895, , 
564, 0.10245, , 
565, 0.106, , 
566, 0.10955, , 
567, 0.1133, , 
568, 0.11745, , 
569, 0.1214, , 
570, 0.12565, , 
571, 0.1302, , 
572, 0.13505, , 
573, 0.13995, , 
574, 0.14505, , 
575, 0.1507, , 
576, 0.1564, , 
577, 0.1623, , 
578, 0.16875, , 
579, 0.1752, , 
580, 0.18185, , 
581, 0.1889, , 
582, 0.1964, , 
583, 0.2038, , 
584, 0.2116, , 
585, 0.2197, , 
586, 0.22805, , 
587, 0.23655, , 
588, 0.24535, , 
589, 0.25445, , 
590, 0.26375, , 
591, 0.27315, , 
592, 0.2829, , 
593, 0.29255, , 
594, 0.30205, , 
595, 0.3117, , 
596, 0.32125, , 
597, 0.32995, , 
598, 0.3388, , 
599, 0.34735, , 
600, 0.3551, , 
601, 0.3624, , 
602, 0.3697, , 
603, 0.3765, , 
604, 0.3827, , 
605, 0.3885, , 
606, 0.3942, , 
607, 0.39935, , 
608, 0.4041, , 
609, 0.409, , 
610, 0.4136, , 
611, 0.4179, , 
612, 0.42235, , 
613, 0.42675, , 
614, 0.43115, , 
615, 0.43565, , 
616, 0.4406, , 
617, 0.4457, , 
618, 0.45105, , 
619, 0.4568, , 
620, 0.46335, , 
621, 0.4704, , 
622, 0.4781, , 
623, 0.4868, , 
624, 0.49625, , 
625, 0.50635, , 
626, 0.51755, , 
627, 0.53005, , 
628, 0.5431, , 
629, 0.55715, , 
630, 0.5723, , 
631, 0.5881, , 
632, 0.60485, , 
633, 0.6224, , 
634, 0.64015, , 
635, 0.65805, , 
636, 0.6764, , 
637, 0.69505, , 
638, 0.7136, , 
639, 0.732, , 
640, 0.75065, , 
641, 0.76925, , 
642, 0.78785, , 
643, 0.80655, , 
644, 0.82535, , 
645, 0.8443, , 
646, 0.86325, , 
647, 0.88295, , 
648, 0.90225, , 
649, 0.9205, , 
650, 0.93845, , 
651, 0.9556, , 
652, 0.9708, , 
653, 0.983, , 
654, 0.9929, , 
655, 0.99885, , 
656, 0.99985, , 
657, 0.997, , 
658, 0.9884, , 
659, 0.9745, , 
660, 0.9557, , 
661, 0.9317, , 
662, 0.90245, , 
663, 0.86915, , 
664, 0.8327, , 
665, 0.7933, , 
666, 0.75165, , 
667, 0.7088, , 
668, 0.6658, , 
669, 0.62325, , 
670, 0.58125, , 
671, 0.54115, , 
672, 0.5023, , 
673, 0.4651, , 
674, 0.43015, , 
675, 0.39735, , 
676, 0.3664, , 
677, 0.337, , 
678, 0.3099, , 
679, 0.2843, , 
680, 0.2602, , 
681, 0.23765, , 
682, 0.2165, , 
683, 0.1969, , 
684, 0.1783, , 
685, 0.16175, , 
686, 0.1457, , 
687, 0.1309, , 
688, 0.11735, , 
689, 0.10545, , 
690, 0.09395, , 
691, 0.0841, , 
692, 0.07465, , 
693, 0.0665, , 
694, 0.0593, , 
695, 0.05255, , 
696, 0.0467, , 
697, 0.04155, , 
698, 0.037, , 
699, 0.033, , 
700, 0.02925, , 
701, 0.026, , 
702, 0.0233, , 
703, 0.0209, , 
704, 0.01875, , 
705, 0.0167, , 
706, 0.01485, , 
707, 0.0135, , 
708, 0.0121, , 
709, 0.011, , 
710, 0.0098, , 
711, 0.00895, , 
712, 0.0082, , 
713, 0.0075, , 
714, 0.0068, , 
715, 0.0064, , 
716, 0.0057, , 
717, 0.00525, , 
718, 0.005, , 
719, 0.0043, , 
720, 0.00405, , 
721, 0.0038, , 
722, 0.00365, , 
723, 0.00325, , 
724, 0.003, , 
725, 0.0028, , 
726, 0.0028, , 
727, 0.00245, , 
728, 0.00265, , 
729, 0.00235, , 
730, 0.0022, , 
731, 0.0021, , 
732, 0.00195, , 
733, 0.00185, , 
734, 0.002, , 
735, 0.00185, , 
736, 0.0018, , 
737, 0.00165, , 
738, 0.00175, , 
739, 0.0017, , 
740, 0.0015, , 
741, 0.0014, , 
742, 0.00135, , 
743, 0.0015, , 
744, 0.00155, , 
745, 0.00135, , 
746, 0.0012, , 
747, 0.00125, , 
748, 0.00125, , 
749, 0.0011, , 
750, 0.0009, , 
