# ATTO Oxa12
# Data source: http://www.atto-tec.com/uploads/media/Katalog.pdf
Q0 0.3
extcoeffv 125000
tauf 1800

# ex-wav, exc-val, fluor-wav, fluor-val
200, 0.1653, 554, 0
201, 0.1623, 555, 0.00000459
202, 0.1588, 556, 0.00000518
203, 0.1558, 557, 0.00000544
204, 0.1522, 558, 0.0000057
205, 0.1495, 559, 0.00000654
206, 0.1474, 560, 0.00000658
207, 0.14545, 561, 0.00000652
208, 0.1449, 562, 0.00000692
209, 0.1446, 563, 0.00000731
210, 0.14445, 564, 0.00000678
211, 0.1461, 565, 0.0000067
212, 0.14885, 566, 0.00000663
213, 0.15235, 567, 0.00000657
214, 0.1567, 568, 0.00000652
215, 0.16105, 569, 0.00000706
216, 0.16555, 570, 0.00000786
217, 0.1702, 571, 0.00000841
218, 0.174, 572, 0.00000872
219, 0.17775, 573, 0.00000903
220, 0.18065, 574, 0.00000858
221, 0.1834, 575, 0.00000763
222, 0.1863, 576, 0.00000785
223, 0.1889, 577, 0.00000768
224, 0.1907, 578, 0.0000075
225, 0.19085, 579, 0.00000864
226, 0.18945, 580, 0.00001113
227, 0.18625, 581, 0.00001286
228, 0.1825, 582, 0.00001705
229, 0.1778, 583, 0.0000232
230, 0.17405, 584, 0.00002984
231, 0.17145, 585, 0.00003645
232, 0.1703, 586, 0.0000438
233, 0.17095, 587, 0.00004963
234, 0.1728, 588, 0.00005465
235, 0.1764, 589, 0.00006026
236, 0.181, 590, 0.00006764
237, 0.1865, 591, 0.00007587
238, 0.19255, 592, 0.00008702
239, 0.19895, 593, 0.00009977
240, 0.20565, 594, 0.0001142
241, 0.2117, 595, 0.00012882
242, 0.2173, 596, 0.00014736
243, 0.2217, 597, 0.00016812
244, 0.2247, 598, 0.00019478
245, 0.22655, 599, 0.00022498
246, 0.2264, 600, 0.00025958
247, 0.22515, 601, 0.00030038
248, 0.22265, 602, 0.00034431
249, 0.2203, 603, 0.00039101
250, 0.2183, 604, 0.00044304
251, 0.217, 605, 0.00050432
252, 0.2177, 606, 0.00057215
253, 0.21935, 607, 0.00065375
254, 0.2225, 608, 0.00074635
255, 0.22615, 609, 0.00085202
256, 0.2308, 610, 0.00097378
257, 0.23585, 611, 0.00111369
258, 0.24, 612, 0.00127068
259, 0.2434, 613, 0.00145239
260, 0.24395, 614, 0.00165786
261, 0.242, 615, 0.00188507
262, 0.2357, 616, 0.00213941
263, 0.22535, 617, 0.00242512
264, 0.21225, 618, 0.0027489
265, 0.19645, 619, 0.00311926
266, 0.18015, 620, 0.00354862
267, 0.16395, 621, 0.00404665
268, 0.1488, 622, 0.00463152
269, 0.1355, 623, 0.00531746
270, 0.12405, 624, 0.00611765
271, 0.1144, 625, 0.00704783
272, 0.10605, 626, 0.00810359
273, 0.09975, 627, 0.00930973
274, 0.0942, 628, 0.01064101
275, 0.0903, 629, 0.0121547
276, 0.087, 630, 0.0138693
277, 0.0844, 631, 0.01583383
278, 0.08285, 632, 0.01805149
279, 0.08145, 633, 0.02060958
280, 0.08135, 634, 0.02346071
281, 0.0811, 635, 0.0266552
282, 0.0815, 636, 0.03020285
283, 0.08225, 637, 0.03420928
284, 0.08335, 638, 0.03869708
285, 0.0847, 639, 0.0438005
286, 0.08605, 640, 0.04965451
287, 0.088, 641, 0.05640956
288, 0.08995, 642, 0.06420433
289, 0.09205, 643, 0.07329773
290, 0.09415, 644, 0.08390938
291, 0.0962, 645, 0.09615409
292, 0.09825, 646, 0.11028764
293, 0.0999, 647, 0.12640481
294, 0.10185, 648, 0.14466347
295, 0.1033, 649, 0.16520183
296, 0.1046, 650, 0.18815213
297, 0.10625, 651, 0.21353105
298, 0.10735, 652, 0.24138411
299, 0.10875, 653, 0.27138509
300, 0.1098, 654, 0.30344064
301, 0.1109, 655, 0.33733113
302, 0.11195, 656, 0.37281345
303, 0.11185, 657, 0.4096607
304, 0.11215, 658, 0.44807936
305, 0.1113, 659, 0.48770126
306, 0.11035, 660, 0.52831508
307, 0.10865, 661, 0.56935835
308, 0.10665, 662, 0.61035994
309, 0.1043, 663, 0.65063355
310, 0.10175, 664, 0.6896675
311, 0.0994, 665, 0.72686483
312, 0.0966, 666, 0.76219537
313, 0.0937, 667, 0.79504168
314, 0.09065, 668, 0.82513362
315, 0.08705, 669, 0.85229268
316, 0.08315, 670, 0.87640981
317, 0.07815, 671, 0.89773671
318, 0.0728, 672, 0.91706855
319, 0.06625, 673, 0.93424853
320, 0.06, 674, 0.94963997
321, 0.0533, 675, 0.96361974
322, 0.0471, 676, 0.97560068
323, 0.04115, 677, 0.9850108
324, 0.03575, 678, 0.9924976
325, 0.0316, 679, 0.99764218
326, 0.02755, 680, 1
327, 0.02425, 681, 0.99954756
328, 0.022, 682, 0.99635072
329, 0.02, 683, 0.98984881
330, 0.01855, 684, 0.98049256
331, 0.0173, 685, 0.9685473
332, 0.0163, 686, 0.9543605
333, 0.01585, 687, 0.93882491
334, 0.01525, 688, 0.92228241
335, 0.01485, 689, 0.90454989
336, 0.0145, 690, 0.88641944
337, 0.0143, 691, 0.8681712
338, 0.014, 692, 0.84907377
339, 0.0141, 693, 0.82936211
340, 0.0141, 694, 0.8096737
341, 0.014, 695, 0.78944598
342, 0.0139, 696, 0.7687557
343, 0.01395, 697, 0.74786103
344, 0.01405, 698, 0.72690665
345, 0.01425, 699, 0.7057543
346, 0.01415, 700, 0.68487355
347, 0.01435, 701, 0.66429816
348, 0.01435, 702, 0.64457769
349, 0.0141, 703, 0.62534597
350, 0.0145, 704, 0.60660597
351, 0.0146, 705, 0.58795016
352, 0.01455, 706, 0.56975895
353, 0.0146, 707, 0.55187213
354, 0.01455, 708, 0.53466821
355, 0.0147, 709, 0.51818309
356, 0.0145, 710, 0.50273163
357, 0.01445, 711, 0.48839061
358, 0.0144, 712, 0.47490834
359, 0.01435, 713, 0.46258489
360, 0.01415, 714, 0.45115972
361, 0.0143, 715, 0.44087151
362, 0.0141, 716, 0.43097944
363, 0.01405, 717, 0.42143648
364, 0.0143, 718, 0.41200191
365, 0.01445, 719, 0.40324318
366, 0.01445, 720, 0.3946565
367, 0.0144, 721, 0.38636661
368, 0.01475, 722, 0.37881608
369, 0.0149, 723, 0.37180145
370, 0.0149, 724, 0.36495417
371, 0.0153, 725, 0.35856116
372, 0.01515, 726, 0.35288482
373, 0.0155, 727, 0.34757469
374, 0.01555, 728, 0.34262413
375, 0.01555, 729, 0.33800484
376, 0.0156, 730, 0.33348379
377, 0.01565, 731, 0.32914678
378, 0.0159, 732, 0.32496126
379, 0.01565, 733, 0.32107446
380, 0.0154, 734, 0.31749567
381, 0.0153, 735, 0.31451576
382, 0.01535, 736, 0.31142823
383, 0.0152, 737, 0.30864351
384, 0.01515, 738, 0.30593804
385, 0.01525, 739, 0.30343206
386, 0.01535, 740, 0.30057002
387, 0.0155, 741, 0.29825389
388, 0.0157, 742, 0.29565019
389, 0.0161, 743, 0.29327034
390, 0.01625, 744, 0.29055484
391, 0.01655, 745, 0.28805881
392, 0.01705, 746, 0.28509953
393, 0.0174, 747, 0.28213694
394, 0.0177, 748, 0.27837798
395, 0.01785, 749, 0.2741
396, 0.01815, 750, 0.2703
397, 0.01845, 751, 0.2667
398, 0.01865, 752, 0.2623
399, 0.01875, 753, 0.2582
400, 0.01875, 754, 0.2546
401, 0.0187, 755, 0.2497
402, 0.01845, 756, 0.24547848
403, 0.0184, 757, 0.24164445
404, 0.01805, 758, 0.237543
405, 0.0177, 759, 0.23282857
406, 0.0175, 760, 0.22778966
407, 0.017, 761, 0.22283999
408, 0.01655, 762, 0.21800137
409, 0.01615, 763, 0.2131626
410, 0.016, 764, 0.20860947
411, 0.01565, 765, 0.20417582
412, 0.0153, 766, 0.19993665
413, 0.0152, 767, 0.1957222
414, 0.01505, 768, 0.19145675
415, 0.01495, 769, 0.1870238
416, 0.01475, 770, 0.18247683
417, 0.01475, 771, 0.17765265
418, 0.01455, 772, 0.17280834
419, 0.01445, 773, 0.16820791
420, 0.01465, 774, 0.16359934
421, 0.0145, 775, 0.15907642
422, 0.0146, 776, 0.15473393
423, 0.0144, 777, 0.15016266
424, 0.01485, 778, 0.14518278
425, 0.0146, 779, 0.14050374
426, 0.0148, 780, 0.13593492
427, 0.015, 781, 0.13141275
428, 0.01525, 782, 0.12752342
429, 0.0153, 783, 0.1232
430, 0.0154, 784, 0.1188
431, 0.0157, 785, 0.1153
432, 0.0159, 786, 0.1115
433, 0.01605, 787, 0.1081
434, 0.0162, 788, 0.1053
435, 0.0164, 789, 0.1024
436, 0.0166, 790, 0.0998
437, 0.0167, 791, 0.0972
438, 0.01695, 792, 0.09488
439, 0.01715, 793, 0.09407299
440, 0.01735, 794, 0.09164572
441, 0.0175, 795, 0.08920083
442, 0.01745, 796, 0.08709371
443, 0.0175, 797, 0.0852464
444, 0.0177, 798, 0.08347026
445, 0.01785, 799, 0.08180417
446, 0.0176, 800, 0.08040917
447, 0.0177, 801, 0.07901687
448, 0.01765, 802, 0.07777239
449, 0.01755, 803, 0.07654726
450, 0.0174, 804, 0.07534118
451, 0.01725, 805, 0.07415387
452, 0.0171, 806, 0.07298502
453, 0.0168, 807, 0.07183436
454, 0.01655, 808, 0.07070159
455, 0.01635, 809, 0.06958644
456, 0.016, 810, 0.06848864
457, 0.0156, 811, 0.06740791
458, 0.01535, 812, 0.06634399
459, 0.01495, 813, 0.06529662
460, 0.0147, 814, 0.06426555
461, 0.01435, 815, 0.06325051
462, 0.014, 816, 0.06225126
463, 0.0137, 817, 0.06126755
464, 0.0133, 818, 0.06029914
465, 0.01325, 819, 0.0593458
466, 0.01285, 820, 0.05840728
467, 0.01265, 821, 0.05748336
468, 0.01225, 822, 0.05657381
469, 0.01225, 823, 0.05567842
470, 0.012, 824, 0.05479694
471, 0.0118, 825, 0.05392918
472, 0.0117, 826, 0.05307492
473, 0.01155, 827, 0.05223394
474, 0.01125, 828, 0.05140605
475, 0.01125, 829, 0.05059103
476, 0.0111, 830, 0.04978869
477, 0.011, 831, 0.04899883
478, 0.01075, 832, 0.04822125
479, 0.01085, 833, 0.04745577
480, 0.0108, 834, 0.0467022
481, 0.01055, 835, 0.04596034
482, 0.01045, 836, 0.04523003
483, 0.01045, 837, 0.04451108
484, 0.01045, 838, 0.0438033
485, 0.0102, 839, 0.04310654
486, 0.01025, 840, 0.04242062
487, 0.01015, 841, 0.04174536
488, 0.01005, 842, 0.04108061
489, 0.01005, 843, 0.0404262
490, 0.01005, 844, 0.03978197
491, 0.01, 845, 0.03914775
492, 0.01, 846, 0.03852341
493, 0.0101, 847, 0.03790877
494, 0.01, 848, 0.03730369
495, 0.0101, 849, 0.03670803
496, 0.01015, 850, 0.03612163
497, 0.0102, 851, 0.03554435
498, 0.01025, 852, 0.03497605
499, 0.0105, 853, 0.03441659
500, 0.0108, 854, 0.03386583
501, 0.01075, 855, 0.03332364
502, 0.0111, 856, 0.03278988
503, 0.0115, 857, 0.03226443
504, 0.0118, 858, 0.03174715
505, 0.01205, 859, 0.03123791
506, 0.01235, 860, 0.0307366
507, 0.0128, 861, 0.03024308
508, 0.01315, 862, 0.02975724
509, 0.01345, 863, 0.02927895
510, 0.01405, 864, 0.02880811
511, 0.0146, 865, 0.02834459
512, 0.01505, 866, 0.02788828
513, 0.01565, 867, 0.02743906
514, 0.01625, 868, 0.02699684
515, 0.01685, 869, 0.02656149
516, 0.0174, 870, 0.02613291
517, 0.0182, 871, 0.025711
518, 0.0189, 872, 0.02529566
519, 0.0197, 873, 0.02488677
520, 0.02045, 874, 0.02448424
521, 0.02135, 875, 0.02408798
522, 0.02205, 876, 0.02369788
523, 0.023, 877, 0.02331384
524, 0.0241, 878, 0.02293578
525, 0.0249, 879, 0.0225636
526, 0.02595, 880, 0.02219721
527, 0.0272, 881, 0.02183651
528, 0.0284, 882, 0.02148143
529, 0.02945, 883, 0.02113187
530, 0.03085, 884, 0.02078775
531, 0.03235, 885, 0.02044898
532, 0.03375, 886, 0.02011548
533, 0.0351, 887, 0.01978717
534, 0.03685, 888, 0.01946396
535, 0.03855, 889, 0.01914579
536, 0.0402, 890, 0.01883256
537, 0.042, 891, 0.0185242
538, 0.04395, 892, 0.01822064
539, 0.0458, 893, 0.0179218
540, 0.04775, 894, 0.01762761
541, 0.04995, 895, 0.01733799
542, 0.0523, 896, 0.01705288
543, 0.0545, 897, 0.01677221
544, 0.05675, 898, 0.0164959
545, 0.0593, 899, 0.01622389
546, 0.06185, 900, 0.0159561
547, 0.06425, 901, 0.01569249
548, 0.067, 902, 0.01543297
549, 0.0697, 903, 0.0151775
550, 0.07225, 904, 0.01492599
551, 0.0751, 905, 0.01467839
552, 0.078, 906, 0.01443465
553, 0.08075, 907, 0.0141947
554, 0.0836, 908, 0.01395848
555, 0.0866, 909, 0.01372594
556, 0.08945, 910, 0.01349701
557, 0.09225, 911, 0.01327164
558, 0.09535, 912, 0.01304978
559, 0.09865, 913, 0.01283137
560, 0.1016, 914, 0.01261636
561, 0.1048, 915, 0.01240469
562, 0.1085, 916, 0.01219632
563, 0.11215, 917, 0.01199118
564, 0.11585, 918, 0.01178924
565, 0.1197, 919, 0.01159043
566, 0.12395, 920, 0.01139472
567, 0.1283, 921, 0.01120206
568, 0.13285, 922, 0.01101239
569, 0.1376, 923, 0.01082567
570, 0.1427, 924, 0.01064185
571, 0.148, 925, 0.0104609
572, 0.15345, 926, 0.01028275
573, 0.1593, 927, 0.01010738
574, 0.16525, 928, 0.00993474
575, 0.1713, 929, 0.00976478
576, 0.17755, 930, 0.00959747
577, 0.1842, 931, 0.00943276
578, 0.19085, 932, 0.00927061
579, 0.1976, 933, 0.00911098
580, 0.20475, 934, 0.00895384
581, 0.2125, 935, 0.00879914
582, 0.2201, 936, 0.00864685
583, 0.22815, 937, 0.00849692
584, 0.2366, 938, 0.00834933
585, 0.2453, 939, 0.00820403
586, 0.25405, 940, 0.00806099
587, 0.26345, 941, 0.00792018
588, 0.27285, 942, 0.00778156
589, 0.2823, 943, 0.00764509
590, 0.29215, 944, 0.00751075
591, 0.30195, 945, 0.00737849
592, 0.31155, 946, 0.0072483
593, 0.321, 947, 0.00712012
594, 0.33035, 948, 0.00699395
595, 0.3392, 949, 0.00686973
596, 0.3475, 950, 0.00674745
597, 0.35565, 951, 0.00662707
598, 0.3631, 952, 0.00650856
599, 0.36995, 953, 0.0063919
600, 0.37605, 954, 0.00627704
601, 0.382, 955, 0.00616398
602, 0.38725, 956, 0.00605268
603, 0.3919, 957, 0.0059431
604, 0.3961, 958, 0.00583523
605, 0.3997, 959, 0.00572904
606, 0.4029, 960, 0.0056245
607, 0.4058, 961, 0.00552158
608, 0.40845, 962, 0.00542027
609, 0.4106, 963, 0.00532053
610, 0.41265, 964, 0.00522235
611, 0.41475, 965, 0.00512569
612, 0.41705, 966, 0.00503053
613, 0.4195, 967, 0.00493686
614, 0.4225, 968, 0.00484464
615, 0.4262, 969, 0.00475385
616, 0.43045, 970, 0.00466448
617, 0.43565, 971, 0.0045765
618, 0.442, 972, 0.00448989
619, 0.44945, 973, 0.00440462
620, 0.4579, 974, 0.00432068
621, 0.46745, 975, 0.00423805
622, 0.4786, 976, 0.0041567
623, 0.4901, 977, 0.00407662
624, 0.50245, 978, 0.00399778
625, 0.51565, 979, 0.00392017
626, 0.5293, 980, 0.00384376
627, 0.5433, 981, 0.00376855
628, 0.5572, 982, 0.0036945
629, 0.5714, 983, 0.00362161
630, 0.5851, 984, 0.00354984
631, 0.5989, 985, 0.0034792
632, 0.6124, 986, 0.00340966
633, 0.6257, 987, 0.00334119
634, 0.6386, 988, 0.00327379
635, 0.6518, 989, 0.00320744
636, 0.66555, 990, 0.00314213
637, 0.67945, 991, 0.00307782
638, 0.6943, 992, 0.00301452
639, 0.7102, 993, 0.0029522
640, 0.7276, 994, 0.00289085
641, 0.746, 995, 0.00283046
642, 0.76585, 996, 0.002771
643, 0.7881, 997, 0.00271247
644, 0.81025, 998, 0.00265485
645, 0.8341, 999, 0.00259813
646, 0.8584, 1000, 0.00254229
647, 0.88265, , 
648, 0.9067, , 
649, 0.92855, , 
650, 0.9498, , 
651, 0.9672, , 
652, 0.98205, , 
653, 0.99285, , 
654, 0.9989, , 
655, 0.99935, , 
656, 0.99525, , 
657, 0.9857, , 
658, 0.96875, , 
659, 0.94805, , 
660, 0.9223, , 
661, 0.891, , 
662, 0.8569, , 
663, 0.81935, , 
664, 0.7801, , 
665, 0.73885, , 
666, 0.6972, , 
667, 0.6558, , 
668, 0.6147, , 
669, 0.575, , 
670, 0.53695, , 
671, 0.5, , 
672, 0.4646, , 
673, 0.4308, , 
674, 0.39885, , 
675, 0.36835, , 
676, 0.3394, , 
677, 0.31175, , 
678, 0.28555, , 
679, 0.26075, , 
680, 0.23745, , 
681, 0.2154, , 
682, 0.19485, , 
683, 0.17575, , 
684, 0.1581, , 
685, 0.1417, , 
686, 0.12665, , 
687, 0.1129, , 
688, 0.10045, , 
689, 0.0891, , 
690, 0.079, , 
691, 0.06995, , 
692, 0.0618, , 
693, 0.0548, , 
694, 0.04835, , 
695, 0.04295, , 
696, 0.03805, , 
697, 0.03355, , 
698, 0.0298, , 
699, 0.0265, , 
700, 0.02355, , 
701, 0.021, , 
702, 0.0187, , 
703, 0.01675, , 
704, 0.0148, , 
705, 0.01335, , 
706, 0.01195, , 
707, 0.0106, , 
708, 0.0095, , 
709, 0.0086, , 
710, 0.00775, , 
711, 0.0069, , 
712, 0.00615, , 
713, 0.00575, , 
714, 0.005, , 
715, 0.00445, , 
716, 0.0042, , 
717, 0.0038, , 
718, 0.0034, , 
719, 0.0032, , 
720, 0.00285, , 
721, 0.0024, , 
722, 0.0023, , 
723, 0.00225, , 
724, 0.00205, , 
725, 0.00175, , 
726, 0.0017, , 
727, 0.0015, , 
728, 0.0014, , 
729, 0.00125, , 
730, 0.00115, , 
731, 0.0011, , 
732, 0.0011, , 
733, 0.0012, , 
734, 0.001, , 
735, 0.00085, , 
736, 0.0008, , 
737, 0.00085, , 
738, 0.00065, , 
739, 0.00065, , 
740, 0.00085, , 
741, 0.0006, , 
742, 0.0006, , 
743, 0.00065, , 
744, 0.00065, , 
745, 0.00045, , 
746, 0.0004, , 
747, 0.00055, , 
748, 0.0005, , 
749, 0.00055, , 
750, 0.0006, , 
