# ATTO Rho101
# Data source: http://www.atto-tec.com/uploads/media/Katalog.pdf
Q0 0.8
extcoeffv 120000
tauf 4200

# ex-wav, exc-val, fluor-wav, fluor-val
200, 0.4879, 551, 0.00173084
201, 0.4832, 552, 0.00287762
202, 0.4759, 553, 0.00324311
203, 0.4688, 554, 0.00396702
204, 0.4594, 555, 0.00529042
205, 0.4493, 556, 0.00741976
206, 0.4382, 557, 0.00869017
207, 0.428, 558, 0.00870643
208, 0.4173, 559, 0.01026149
209, 0.4071, 560, 0.01275835
210, 0.3969, 561, 0.01669249
211, 0.3866, 562, 0.02030666
212, 0.376, 563, 0.02501291
213, 0.3652, 564, 0.02844817
214, 0.3548, 565, 0.03318036
215, 0.3452, 566, 0.03669125
216, 0.334, 567, 0.04183681
217, 0.3267, 568, 0.04835892
218, 0.319, 569, 0.05463021
219, 0.3135, 570, 0.06178041
220, 0.308, 571, 0.06941886
221, 0.3041, 572, 0.08025042
222, 0.3015, 573, 0.09149109
223, 0.2998, 574, 0.10580469
224, 0.2984, 575, 0.12073134
225, 0.2973, 576, 0.13975827
226, 0.2976, 577, 0.15603699
227, 0.2972, 578, 0.17288728
228, 0.2984, 579, 0.19279705
229, 0.2982, 580, 0.21605821
230, 0.2976, 581, 0.24296543
231, 0.2979, 582, 0.2667194
232, 0.2974, 583, 0.29110596
233, 0.296, 584, 0.32036398
234, 0.2947, 585, 0.35487153
235, 0.2926, 586, 0.38728366
236, 0.2894, 587, 0.42034782
237, 0.2851, 588, 0.45707961
238, 0.281, 589, 0.4979832
239, 0.2753, 590, 0.54299166
240, 0.2689, 591, 0.57830307
241, 0.2629, 592, 0.6191793
242, 0.2558, 593, 0.65404128
243, 0.2497, 594, 0.68984852
244, 0.2414, 595, 0.7205951
245, 0.2346, 596, 0.7554216
246, 0.2273, 597, 0.79341604
247, 0.2206, 598, 0.82458601
248, 0.2143, 599, 0.85592181
249, 0.2085, 600, 0.88144838
250, 0.2043, 601, 0.91434408
251, 0.2006, 602, 0.929112
252, 0.1988, 603, 0.95058017
253, 0.1983, 604, 0.96145862
254, 0.1993, 605, 0.97615906
255, 0.2026, 606, 0.98565519
256, 0.2074, 607, 0.99370231
257, 0.2135, 608, 0.9949761
258, 0.2209, 609, 0.99127237
259, 0.23, 610, 0.97770504
260, 0.2381, 611, 0.96207448
261, 0.2475, 612, 0.93893621
262, 0.2572, 613, 0.92235131
263, 0.2659, 614, 0.90600558
264, 0.2752, 615, 0.89593538
265, 0.2845, 616, 0.88067479
266, 0.2932, 617, 0.87096096
267, 0.3016, 618, 0.84395903
268, 0.3083, 619, 0.82022398
269, 0.3129, 620, 0.79112046
270, 0.3127, 621, 0.76669053
271, 0.309, 622, 0.73837365
272, 0.3004, 623, 0.70707986
273, 0.2892, 624, 0.67923194
274, 0.2752, 625, 0.6642779
275, 0.2596, 626, 0.64524759
276, 0.2447, 627, 0.62617778
277, 0.2299, 628, 0.5967133
278, 0.215, 629, 0.57463151
279, 0.2027, 630, 0.55358352
280, 0.1909, 631, 0.54205576
281, 0.1808, 632, 0.52786899
282, 0.172, 633, 0.52092407
283, 0.1637, 634, 0.50323393
284, 0.1576, 635, 0.48271421
285, 0.1526, 636, 0.4658816
286, 0.149, 637, 0.45145437
287, 0.1466, 638, 0.43971083
288, 0.1454, 639, 0.42528814
289, 0.1441, 640, 0.41314135
290, 0.1445, 641, 0.40339328
291, 0.144, 642, 0.39015949
292, 0.1452, 643, 0.38278196
293, 0.1459, 644, 0.37987177
294, 0.1467, 645, 0.37715146
295, 0.1476, 646, 0.36679844
296, 0.1485, 647, 0.35389984
297, 0.1501, 648, 0.34714727
298, 0.1514, 649, 0.34209145
299, 0.1518, 650, 0.33855905
300, 0.1526, 651, 0.33003474
301, 0.1531, 652, 0.32492246
302, 0.1539, 653, 0.32938273
303, 0.1536, 654, 0.32557564
304, 0.1533, 655, 0.31903236
305, 0.1531, 656, 0.30863007
306, 0.1522, 657, 0.30549304
307, 0.1527, 658, 0.30419224
308, 0.1527, 659, 0.29669856
309, 0.1544, 660, 0.28705378
310, 0.1562, 661, 0.27792769
311, 0.1576, 662, 0.27883609
312, 0.1605, 663, 0.28178582
313, 0.1623, 664, 0.28292399
314, 0.1644, 665, 0.28092085
315, 0.1652, 666, 0.27527422
316, 0.165, 667, 0.26538734
317, 0.1634, 668, 0.26122818
318, 0.1594, 669, 0.2592751
319, 0.1549, 670, 0.25613725
320, 0.1483, 671, 0.249377
321, 0.1417, 672, 0.24270324
322, 0.1329, 673, 0.24198559
323, 0.1241, 674, 0.23599863
324, 0.1155, 675, 0.2313878
325, 0.1067, 676, 0.23069878
326, 0.0988, 677, 0.22541802
327, 0.0911, 678, 0.22269078
328, 0.0848, 679, 0.21564809
329, 0.0795, 680, 0.21175246
330, 0.0738, 681, 0.20414513
331, 0.0696, 682, 0.19783858
332, 0.0659, 683, 0.19191636
333, 0.0632, 684, 0.18502881
334, 0.0598, 685, 0.17810318
335, 0.0568, 686, 0.16997384
336, 0.055, 687, 0.16448324
337, 0.0522, 688, 0.15687557
338, 0.0503, 689, 0.15250035
339, 0.0485, 690, 0.15144939
340, 0.0469, 691, 0.14865421
341, 0.0462, 692, 0.14340927
342, 0.0444, 693, 0.13690744
343, 0.0429, 694, 0.13494019
344, 0.0433, 695, 0.13373379
345, 0.0427, 696, 0.13297877
346, 0.0434, 697, 0.13028696
347, 0.0438, 698, 0.12412989
348, 0.044, 699, 0.11785751
349, 0.0449, 700, 0.11427208
350, 0.046, 701, 0.11417085
351, 0.0468, 702, 0.11202705
352, 0.0476, 703, 0.11063707
353, 0.049, 704, 0.10338737
354, 0.0496, 705, 0.10298706
355, 0.0501, 706, 0.09821971
356, 0.0511, 707, 0.09840547
357, 0.0516, 708, 0.09631359
358, 0.0527, 709, 0.09749431
359, 0.054, 710, 0.09320145
360, 0.0556, 711, 0.08958629
361, 0.0573, 712, 0.08579111
362, 0.0589, 713, 0.08911528
363, 0.061, 714, 0.08537057
364, 0.0641, 715, 0.08600522
365, 0.0665, 716, 0.08139754
366, 0.0689, 717, 0.08107998
367, 0.0721, 718, 0.07443898
368, 0.0744, 719, 0.0741338
369, 0.0766, 720, 0.07585827
370, 0.0781, 721, 0.0801163
371, 0.0784, 722, 0.0799528
372, 0.0796, 723, 0.07549869
373, 0.0789, 724, 0.07203182
374, 0.0769, 725, 0.06969418
375, 0.0758, 726, 0.0689256
376, 0.0744, 727, 0.06585411
377, 0.0713, 728, 0.06483417
378, 0.0686, 729, 0.06361436
379, 0.067, 730, 0.06265248
380, 0.0636, 731, 0.06293612
381, 0.0602, 732, 0.06528142
382, 0.0583, 733, 0.06359103
383, 0.0558, 734, 0.06267479
384, 0.0536, 735, 0.06028139
385, 0.0519, 736, 0.06673968
386, 0.0502, 737, 0.06302874
387, 0.0491, 738, 0.06164081
388, 0.0474, 739, 0.05575536
389, 0.0466, 740, 0.05818796
390, 0.0463, 741, 0.05822271
391, 0.0446, 742, 0.05895738
392, 0.0438, 743, 0.05822285
393, 0.0439, 744, 0.05781459
394, 0.0432, 745, 0.05679018
395, 0.0422, 746, 0.05547835
396, 0.0422, 747, 0.05515534
397, 0.0419, 748, 0.05519488
398, 0.0411, 749, 0.05708202
399, 0.041, 750, 0.0567304
400, 0.0412, ,  
401, 0.041, , 
402, 0.0408, , 
403, 0.041, , 
404, 0.0418, , 
405, 0.0413, , 
406, 0.0411, , 
407, 0.0421, , 
408, 0.0424, , 
409, 0.0426, , 
410, 0.0435, , 
411, 0.0439, , 
412, 0.044, , 
413, 0.0446, , 
414, 0.0458, , 
415, 0.0462, , 
416, 0.046, , 
417, 0.0472, , 
418, 0.0476, , 
419, 0.0474, , 
420, 0.0482, , 
421, 0.0483, , 
422, 0.0483, , 
423, 0.0485, , 
424, 0.0483, , 
425, 0.0487, , 
426, 0.0482, , 
427, 0.0482, , 
428, 0.0484, , 
429, 0.0477, , 
430, 0.0474, , 
431, 0.0473, , 
432, 0.0472, , 
433, 0.0465, , 
434, 0.0469, , 
435, 0.0466, , 
436, 0.0461, , 
437, 0.0458, , 
438, 0.0459, , 
439, 0.0456, , 
440, 0.0453, , 
441, 0.0451, , 
442, 0.0454, , 
443, 0.0446, , 
444, 0.0445, , 
445, 0.0445, , 
446, 0.0443, , 
447, 0.0437, , 
448, 0.0435, , 
449, 0.043, , 
450, 0.0426, , 
451, 0.0424, , 
452, 0.0424, , 
453, 0.0413, , 
454, 0.0407, , 
455, 0.0408, , 
456, 0.0403, , 
457, 0.0392, , 
458, 0.0394, , 
459, 0.0395, , 
460, 0.0387, , 
461, 0.0385, , 
462, 0.0384, , 
463, 0.0379, , 
464, 0.0377, , 
465, 0.0379, , 
466, 0.0382, , 
467, 0.0376, , 
468, 0.0375, , 
469, 0.0383, , 
470, 0.0383, , 
471, 0.0382, , 
472, 0.0388, , 
473, 0.0393, , 
474, 0.0396, , 
475, 0.0403, , 
476, 0.0412, , 
477, 0.0415, , 
478, 0.0418, , 
479, 0.0429, , 
480, 0.0444, , 
481, 0.045, , 
482, 0.046, , 
483, 0.0475, , 
484, 0.0487, , 
485, 0.0502, , 
486, 0.0519, , 
487, 0.0538, , 
488, 0.055, , 
489, 0.0569, , 
490, 0.0591, , 
491, 0.0609, , 
492, 0.0626, , 
493, 0.0652, , 
494, 0.0674, , 
495, 0.0695, , 
496, 0.0714, , 
497, 0.0741, , 
498, 0.0761, , 
499, 0.0783, , 
500, 0.0805, , 
501, 0.0827, , 
502, 0.0843, , 
503, 0.0864, , 
504, 0.0889, , 
505, 0.0908, , 
506, 0.0927, , 
507, 0.0949, , 
508, 0.0966, , 
509, 0.0989, , 
510, 0.1014, , 
511, 0.1042, , 
512, 0.1068, , 
513, 0.1098, , 
514, 0.1133, , 
515, 0.117, , 
516, 0.1213, , 
517, 0.126, , 
518, 0.1309, , 
519, 0.1361, , 
520, 0.1423, , 
521, 0.1491, , 
522, 0.1561, , 
523, 0.1635, , 
524, 0.1722, , 
525, 0.1811, , 
526, 0.1901, , 
527, 0.1999, , 
528, 0.2101, , 
529, 0.2196, , 
530, 0.23, , 
531, 0.2406, , 
532, 0.2504, , 
533, 0.2597, , 
534, 0.2695, , 
535, 0.2781, , 
536, 0.2857, , 
537, 0.2927, , 
538, 0.2988, , 
539, 0.3037, , 
540, 0.3071, , 
541, 0.3102, , 
542, 0.3123, , 
543, 0.313, , 
544, 0.3131, , 
545, 0.3132, , 
546, 0.3118, , 
547, 0.3106, , 
548, 0.3093, , 
549, 0.3087, , 
550, 0.3076, , 
551, 0.3072, , 
552, 0.3086, , 
553, 0.3098, , 
554, 0.3118, , 
555, 0.3165, , 
556, 0.3218, , 
557, 0.3287, , 
558, 0.3371, , 
559, 0.3481, , 
560, 0.3604, , 
561, 0.3751, , 
562, 0.3923, , 
563, 0.4117, , 
564, 0.4328, , 
565, 0.4559, , 
566, 0.4821, , 
567, 0.5099, , 
568, 0.5395, , 
569, 0.571, , 
570, 0.6045, , 
571, 0.6396, , 
572, 0.6754, , 
573, 0.7121, , 
574, 0.7497, , 
575, 0.7861, , 
576, 0.8222, , 
577, 0.8574, , 
578, 0.8895, , 
579, 0.9189, , 
580, 0.9448, , 
581, 0.9662, , 
582, 0.9831, , 
583, 0.9941, , 
584, 1, , 
585, 0.9981, , 
586, 0.9905, , 
587, 0.9766, , 
588, 0.9559, , 
589, 0.9293, , 
590, 0.897, , 
591, 0.8606, , 
592, 0.8188, , 
593, 0.7742, , 
594, 0.7278, , 
595, 0.679, , 
596, 0.6296, , 
597, 0.5806, , 
598, 0.5323, , 
599, 0.4855, , 
600, 0.4408, , 
601, 0.3982, , 
602, 0.3575, , 
603, 0.3195, , 
604, 0.2851, , 
605, 0.2534, , 
606, 0.2242, , 
607, 0.1973, , 
608, 0.1742, , 
609, 0.1525, , 
610, 0.1335, , 
611, 0.1166, , 
612, 0.1017, , 
613, 0.0882, , 
614, 0.0766, , 
615, 0.0669, , 
616, 0.0579, , 
617, 0.05, , 
618, 0.0435, , 
619, 0.0375, , 
620, 0.0322, , 
621, 0.028, , 
622, 0.0243, , 
623, 0.0207, , 
624, 0.0176, , 
625, 0.0159, , 
626, 0.0138, , 
627, 0.0116, , 
628, 0.0103, , 
629, 0.009, , 
630, 0.0081, , 
631, 0.0068, , 
632, 0.0062, , 
633, 0.0058, , 
634, 0.0047, , 
635, 0.0043, , 
636, 0.0042, , 
637, 0.0035, , 
638, 0.0028, , 
639, 0.0031, , 
640, 0.0027, , 
641, 0.0022, , 
642, 0.002, , 
643, 0.0024, , 
644, 0.0019, , 
645, 0.0014, , 
646, 0.0018, , 
647, 0.0015, , 
648, 0.001, , 
649, 0.0012, , 
650, 0.0013, , 
651, 0.0011, , 
652, 0.001, , 
653, 0.0011, , 
654, 0.0008, , 
655, 0.0005, , 
656, 0.0008, , 
657, 0.001, , 
658, 0.0007, , 
659, 0.0007, , 
660, 0.0009, , 
661, 0.0009, , 
662, 0.0005, , 
663, 0.0008, , 
664, 0.0007, , 
665, 0.0004, , 
666, 0.0005, , 
667, 0.0007, , 
668, 0.0003, , 
669, 0.0001, , 
670, 0.0006, , 
671, 0.0006, , 
672, 0.0004, , 
673, 0.0006, , 
674, 0.0008, , 
675, 0.0002, , 
676, 0.0002, , 
677, 0.0009, , 
678, 0.0004, , 
679, 0.0002, , 
680, 0.0002, , 
681, 0.0007, , 
682, 0.0003, , 
683, 0.0003, , 
684, 0.0008, , 
685, 0.0006, , 
686, 0.0002, , 
687, 0.0003, , 
688, 0.0003, , 
689, 0.0003, , 
690, 0.0003, , 
691, 0.0007, , 
692, 0.0003, , 
693, 0.0002, , 
694, 0.0001, , 
695, 0.0008, , 
696, 0, , 
697, 0, , 
698, 0.0008, , 
699, 0.0005, , 
700, -0.0001, , 
