359,0,359,0.003866691
360,0,360,0.00387304
361,0,361,0.003879389
362,0,362,0.003885738
363,0,363,0.003892087
364,0,364,0.004257833
365,0,365,0.004639728
366,0,366,0.005021623
367,0,367,0.005403517
368,0,368,0.005785412
369,0,369,0.006499799
370,0,370,0.007257391
371,0,371,0.008014983
372,0,372,0.008772576
373,0,373,0.009530168
374,0,374,0.011103157
375,0,375,0.012862465
376,0,376,0.014621773
377,0,377,0.01638108
378,0,378,0.018140388
379,0,379,0.019565718
380,0,380,0.020448441
381,0,381,0.021331165
382,0,382,0.022213889
383,0,383,0.023106547
384,0,384,0.024281455
385,0,385,0.025456363
386,0,386,0.026631271
387,0,387,0.027806203
388,0,388,0.028981141
389,0,389,0.03015608
390,0,390,0.031889004
391,0,391,0.034149516
392,0,392,0.036410029
393,0,393,0.038180288
394,0,394,0.03994003
395,0,395,0.041699772
396,0,396,0.043617265
397,0,397,0.045596105
398,0,398,0.047574945
399,0,399,0.050636043
400,0,400,0.053929899
401,0,401,0.057223755
402,0,402,0.061127694
403,0,403,0.065080387
404,0,404,0.06901335
405,0,405,0.072308343
406,0,406,0.075603336
407,0,407,0.079263773
408,0,408,0.08528596
409,0,409,0.091308147
410,0,410,0.097582245
411,0,411,0.104023584
412,0,412,0.110464923
413,0,413,0.118323686
414,0,414,0.128183464
415,0,415,0.136089454
416,0,416,0.144395955
417,0,417,0.156678487
418,0,418,0.165462358
419,0,419,0.174246229
420,0,420,0.184506103
421,0,421,0.195265327
422,0,422,0.212876233
423,0,423,0.228804188
424,0,424,0.238759126
425,0,425,0.247796265
426,0,426,0.259989486
427,0,427,0.278475973
428,0,428,0.295776216
429,0,429,0.314116264
430,0,430,0.333880975
431,0,431,0.34337461
432,0,432,0.355160854
433,0,433,0.375683078
434,0,434,0.391518535
435,0,435,0.412288361
436,0,436,0.436214027
437,0,437,0.45384443
438,0,438,0.466507221
439,0,439,0.483875239
440,0,440,0.505384108
441,0,441,0.524654752
442,0,442,0.547379475
443,0,443,0.568482186
444,0,444,0.586427892
445,0,445,0.60365349
446,0,446,0.618170111
447,0,447,0.636738896
448,0,448,0.654836868
449,0,449,0.669353489
450,0,450,0.685029367
451,0,451,0.701158641
452,0,452,0.720964601
453,0,453,0.743843115
454,0,454,0.763656603
455,0,455,0.779492245
456,0,456,0.795327886
457,0,457,0.810101188
458,0,458,0.822407461
459,0,459,0.836124435
460,0,460,0.858348643
461,0,461,0.868014848
462,0,462,0.877681054
463,0,463,0.899798455
464,0,464,0.911660142
465,0,465,0.920956967
466,0,466,0.929241439
467,0,467,0.937946361
468,0,468,0.948491313
469,0,469,0.955132484
470,0,470,0.960402057
471,0,471,0.965671631
472,0,472,0.971669222
473,0,473,0.978446078
474,0,474,0.985222934
475,0,475,0.987436975
476,0,476,0.989415919
477,0,477,0.991383016
478,0,478,0.993142565
479,0,479,0.994902114
480,0,480,0.996661663
481,0,481,0.998421212
482,0,482,0.998601071
483,0,483,0.99812942
484,0,484,0.99765777
485,0,485,0.997186119
486,0,486,0.994531539
487,0,487,0.991036441
488,0,488,0.987541343
489,0,489,0.9825248
490,0,490,0.975707771
491,0,491,0.968890742
492,0,492,0.962073712
493,0,493,0.955318451
494,0,494,0.948575931
495,0,495,0.942049366
496,0,496,0.936054092
497,0,497,0.930058818
498,0,498,0.920697803
499,0,499,0.910214873
500,0,500,0.899736137
501,0,501,0.889257696
502,0,502,0.879431145
503,0,503,0.869817279
504,0,504,0.859704665
505,0,505,0.849224917
506,0,506,0.838720289
507,0,507,0.827486614
508,0,508,0.81625294
509,0,509,0.805816758
510,0,510,0.796207304
511,0,511,0.786092595
512,0,512,0.774863731
513,0,513,0.763634867
514,0,514,0.753986848
515,0,515,0.744813698
516,0,516,0.735640548
517,0,517,0.724687105
518,0,518,0.713453431
519,0,519,0.701900181
520,0,520,0.689674034
521,0,521,0.676954467
522,0,522,0.661253533
523,0,523,0.647518721
524,0,524,0.637904855
525,0,525,0.62684057
526,0,526,0.607223812
527,0,527,0.593900041
528,0,528,0.583416792
529,0,529,0.572044665
530,0,530,0.559818518
531,0,531,0.547305906
532,0,532,0.534211684
533,0,533,0.524170118
534,0,534,0.514560665
535,0,535,0.50538368
536,0,536,0.4963947
537,0,537,0.487056297
538,0,538,0.475827434
539,0,539,0.46459857
540,0,540,0.453828102
541,0,541,0.443347028
542,0,542,0.432865955
543,0,543,0.423439791
544,0,544,0.41445081
545,0,545,0.4054312
546,0,546,0.396257706
547,0,547,0.387084212
548,0,548,0.378024186
549,0,549,0.369285435
550,0,550,0.360727911
551,0,551,0.354172623
552,0,552,0.347617336
553,0,553,0.340119412
554,0,554,0.328327258
555,0,555,0.320448834
556,0,556,0.314040077
557,0,557,0.30763132
558,0,558,0.300952965
559,0,559,0.293959395
560,0,560,0.287037013
561,0,561,0.280294099
562,0,562,0.273551186
563,0,563,0.267568858
564,0,564,0.261848236
565,0,565,0.256127615
566,0,566,0.250406993
567,0,567,0.242852221
568,0,568,0.234695809
569,0,569,0.226539396
570,0,570,0.220222983
571,0,571,0.215852579
572,0,572,0.211482175
573,0,573,0.20711177
574,0,574,0.202786538
575,0,575,0.19875324
576,0,576,0.194719942
577,0,577,0.190686644
578,0,578,0.186653346
579,0,579,0.182112488
580,0,580,0.176867829
581,0,581,0.17162317
582,0,582,0.16603913
583,0,583,0.160138027
584,0,584,0.154236925
585,0,585,0.150084239
586,0,586,0.147026092
587,0,587,0.143967944
588,0,588,0.140909797
589,0,589,0.1378073
590,0,590,0.134581165
591,0,591,0.131355031
592,0,592,0.128128896
593,0,593,0.124902761
594,0,594,0.122009494
595,0,595,0.119388575
596,0,596,0.116767655
597,0,597,0.114146736
598,0,598,0.111350993
599,0,599,0.107855956
600,0,600,0.104360919
601,0,601,0.100865882
602,0,602,0.097370846
603,0,603,0.095010083
604,0,604,0.092852634
605,0,605,0.090695186
606,0,606,0.088537737
607,0,607,0.086380288
608,0,608,0.084222839
609,0,609,0.081867753
610,0,610,0.079422203
611,0,611,0.076976653
612,0,612,0.074531103
613,0,613,0.072085553
614,0,614,0.069922235
615,0,615,0.068614717
616,0,616,0.067307198
617,0,617,0.06599968
618,0,618,0.064692161
619,0,619,0.063384643
620,0,620,0.06191195
621,0,621,0.060236561
622,0,622,0.058561172
623,0,623,0.056885783
624,0,624,0.055210394
625,0,625,0.053535005
626,0,626,0.051859616
627,0,627,0.050184227
628,0,628,0.048508838
629,0,629,0.04701543
630,0,630,0.045809063
631,0,631,0.044602696
632,0,632,0.04339633
633,0,633,0.042189963
634,0,634,0.040758416
635,0,635,0.039218941
636,0,636,0.037679467
637,0,637,0.036139993
638,0,638,0.034600519
639,0,639,0.033061045
640,0,640,0.032117148
641,0,641,0.031734135
642,0,642,0.031351122
643,0,643,0.030968109
644,0,644,0.030585096
645,0,645,0.030202083
646,0,646,0.02981907
647,0,647,0.029436057
648,0,648,0.029053044
649,0,649,0.028670031
