# wl,ex, wl,em,Data copyright Molecular Probes
400,2.652777008,560,1.808656524
401,2.772634552,561,2.113267842
402,2.827417126,562,2.396091871
403,2.909993049,563,2.761213765
404,2.945155909,564,3.195304095
405,2.97576965,565,3.693582747
406,3.00378373,566,4.259555838
407,3.020414134,567,4.909671066
408,3.029908338,568,5.594223723
409,3.042835821,569,6.442559153
410,3.061661689,570,7.393236116
411,3.052093546,571,8.567145802
412,2.988681057,572,9.901736898
413,3.143649896,573,11.29010686
414,3.042242019,574,12.88157104
415,3.142570223,575,14.77714661
416,3.081498856,576,16.87518164
417,3.090069513,577,19.21761167
418,3.071642143,578,21.97894586
419,3.097755073,579,25.24121385
420,3.089295604,580,28.92069053
421,3.045188767,581,33.1116149
422,3.120208304,582,37.6713754
423,3.107039934,583,42.51935031
424,3.141901144,584,48.09149877
425,3.113130146,585,53.98857931
426,3.072789971,586,60.45559181
427,3.080470535,587,66.9930984
428,3.161950543,588,73.43079838
429,3.188092105,589,79.95017785
430,3.146594193,590,85.99256313
431,3.167232456,591,90.97574776
432,3.206580476,592,94.86536471
433,3.204683385,593,97.60303243
434,3.315162907,594,99.52718442
435,3.380129647,595,100
436,3.452439804,596,99.70425971
437,3.439388439,597,98.27168166
438,3.512608769,598,95.72104861
439,3.550935252,599,92.63838927
440,3.656188084,600,89.14158413
441,3.762525649,601,85.59711282
442,3.929534333,602,81.92644592
443,4.042840947,603,78.24857633
444,4.191150981,604,75.47033483
445,4.28071408,605,73.0090347
446,4.345007157,606,71.20202715
447,4.540624083,607,69.43143663
448,4.701641034,608,67.39295299
449,4.850655061,609,65.83601723
450,5.045272065,610,64.39633914
451,5.189308932,611,62.97824114
452,5.336151214,612,61.9373549
453,5.571894655,613,60.86439109
454,5.796145547,614,59.87637543
455,6.037358165,615,58.68009338
456,6.20770014,616,57.21561087
457,6.381526316,617,55.6696081
458,6.606756656,618,53.98015398
459,6.994732698,619,52.15488059
460,7.236470198,620,50.46355428
461,7.574538484,621,48.65745689
462,7.882953565,622,46.78434385
463,8.155305196,623,45.07591724
464,8.427680842,624,43.28654961
465,8.835194947,625,41.88791916
466,9.223884371,626,40.67622755
467,9.752483619,627,39.52373443
468,10.07614205,628,38.35513652
469,10.5825384,629,37.28110441
470,11.07488795,630,36.31870967
471,11.55995738,631,35.8368544
472,12.07998128,632,35.04778203
473,12.44150303,633,34.41247101
474,12.92518676,634,33.86184754
475,13.49371216,635,33.34631897
476,14.10482386,636,33.0727685
477,14.80684926,637,32.94994156
478,15.40598522,638,32.60311062
479,15.91046001,639,32.53163118
480,16.48588648,640,32.41546402
481,17.13226724,641,32.12028904
482,17.73750927,642,32.1453398
483,18.74483385,643,31.86462915
484,19.55744857,644,31.66250409
485,20.17485884,645,31.39317649
486,20.94692399,646,31.08419874
487,21.84118636,647,30.81411245
488,22.6508105,648,30.44189637
489,23.40122834,649,30.04580535
490,24.24893117,650,29.74742367
491,24.86922487,651,29.24290889
492,25.77450292,652,29.01513091
493,26.90090549,653,28.49284186
494,27.75179206,654,27.69135097
495,28.71719298,655,27.57440339
496,29.58636546,656,26.80476451
497,30.41022329,657,26.12102041
498,31.50099552,658,25.58190229
499,32.40251716,659,24.76542169
500,33.20248647,660,24.13848059
501,34.16930411,661,23.2390515
502,35.18456399,662,22.60326512
503,35.93402684,663,21.84772279
504,36.93684211,664,21.33727036
505,38.08900008,665,20.35364774
506,38.86790119,666,19.67664344
507,39.75747368,667,18.98662929
508,40.94942889,668,18.7661533
509,41.73727175,669,18.14183457
510,42.58399735,670,17.74767885
511,43.80230354,671,17.20632007
512,44.48806656,672,16.59211616
513,45.79530409,673,16.08032349
514,46.82625538,674,15.63368697
515,47.9005707,675,15.12328889
516,49.2534413,676,14.74908193
517,50.52556836,677,14.07217301
518,51.96314761,678,13.72971329
519,53.18820808,679,13.38658446
520,54.24075159,680,12.94615091
521,55.56408904,681,12.71177281
522,56.6159353,682,12.15825207
523,57.74513676,683,11.88979813
524,58.71442556,684,11.55730143
525,60.16913317,685,11.196384
526,61.42376142,686,10.88323613
527,62.55230622,687,10.57138849
528,64.07159037,688,10.23333188
529,65.00222502,689,9.990255345
530,66.15201275,690,9.431415672
531,66.9811919,691,9.085107239
532,68.36462417,692,8.934220879
533,69.48074267,693,8.727416037
534,70.59210526,694,8.410637668
535,71.50951848,695,8.236740733
536,72.88594484,696,7.934215495
537,73.82054967,697,7.702493687
538,74.76707853,698,7.500221313
539,75.31939681,699,7.158137979
540,76.28845757,700,6.963644749
541,77.12099113,701,6.79616992
542,77.25350393,702,6.674655298
543,78.09397256,703,6.514336239
544,78.71714845,704,6.266840273
545,78.97083035,705,6.066371713
546,79.40653752,706,5.925060669
547,79.84469282,707,5.810805748
548,80.1553734,708,5.65356434
549,80.38530643,709,5.448952889
550,80.92558791,710,5.402706017
551,81.17711404,711,5.3041409
552,81.61067066,712,5.242587736
553,82.29446056,713,4.934370901
554,82.55661882,714,4.863767865
555,83.75608287,715,4.733455353
556,84.54984072,716,4.627670704
557,85.26304949,717,4.623888679
558,86.69536334,718,4.545710531
559,87.75186051,719,4.404690257
560,89.36874263,720,4.412988364
561,90.40366875,721,4.267314625
562,92.0692185,722,4.221329327
563,93.1858379,723,4.065205881
564,94.56584877,724,4.113236013
565,95.35904687,725,3.963419202
566,96.02202093,726,3.875477402
567,97.12247812,727,3.770394217
568,97.8914231,728,3.639102708
569,98.24154365,729,3.582392372
570,98.39485243,730,3.597650254
571,98.60920541,731,3.437276312
572,98.3916217,732,3.343674414
573,98.01737476,733,3.172881
574,97.7877193,734,3.241287425
575,97.78758409,735,3.117253649
576,98.02556391,736,3.001451641
577,98.20265531,737,2.866455334
578,98.46939156,738,2.804080839
579,99.16161516,739,2.739722682
580,99.703071,740,2.628697464
581,99.96976327,741,2.603848934
582,100,742,2.607811754
583,99.94924899,743,2.501033875
584,99.47514417,744,2.429671671
585,97.97092178,745,2.28771359
586,95.99748798,746,2.255482202
587,93.43452324,747,2.127056005
588,89.68895816,748,2.046545177
589,85.61891589,749,2.040029484
590,80.80787334,750,2.000316042
591,74.67132503
592,68.55713141
593,62.5694164
594,55.84647759
595,49.41572421
596,43.11811835
597,37.17211288
598,31.33267381
599,26.85015668
600,22.81918058
601,19.45744219
602,16.57400921
603,14.13168911
604,12.03875903
605,10.30137309
606,8.768969713
607,7.586510819
608,6.409128358
609,5.607581739
610,4.911160327
611,4.234016324
612,3.671826322
613,3.171885074
614,2.879175942
615,2.589968641
616,2.315081531
617,2.052275795
618,1.826574235
619,1.680556564
620,1.485213427
