# wl,ex, wl,em,Data copyright Molecular Probes
300,55,462,0.003466059
301,52,463,0.003713634
302,49,464,0.013369083
303,47,465,0.008417571
304,45,466,0.01188363
305,45,467,0.010026812
306,45,468,0.0393567
307,45,469,0.083255223
308,46,470,0.07054297
309,48,471,0.071730702
310,50,472,0.088308737
311,53,473,0.073319766
312,56,474,0.05433901
313,58,475,0.074082175
314,62,476,0.079282625
315,64,477,0.124456881
316,66,478,0.228597212
317,68,479,0.273506686
318,70,480,0.466640424
319,71,481,0.718539948
320,73,482,1.336938034
321,75,483,2.347611019
322,79,484,4.587229555
323,82,485,10.50074644
324,87,486,19.63472694
325,91,487,31.95433715
326,95,488,43.06887306
327,99,489,43.84650807
328,100,490,38.44601737
329,100,491,33.6748639
330,98,492,29.27420732
331,94,493,25.84590399
332,90,494,22.56738389
333,86,495,18.38583174
334,83,496,13.9916369
335,82,497,10.14044965
336,80,498,7.285890418
337,80,499,5.001968226
338,81,500,3.528546706
339,83,501,2.660558976
340,85,502,1.872860018
341,86,503,1.376465957
342,86,504,1.027121909
343,84,505,0.757221162
344,81,506,0.610714577
345,75,507,0.421750013
346,68,508,0.393099325
347,59,509,0.325667154
348,49,510,0.269023091
349,39,511,0.223734084
350,31,512,0.213689941
351,23,513,0.193636316
352,17,514,0.173352446
353,12,515,0.176431049
354,8,516,0.208004367
355,5,517,0.209557904
356,4,518,0.180612601
357,3,519,0.165621402
358,2,520,0.218049748
359,1,521,0.254735503
360,1,522,0.237880555
361,1,523,0.304770535
362,1,524,0.268154101
363,0,525,0.323167879
364,0,526,0.346418943
365,0,527,0.392772525
366,0,528,0.397378669
367,0,529,0.515036505
,,530,0.534930444
,,531,0.58698693
,,532,0.667109827
,,533,0.821266498
,,534,1.053691724
,,535,1.419495837
,,536,2.120559422
,,537,4.143264582
,,538,9.496554985
,,539,17.85507914
,,540,35.09272945
,,541,57.23552116
,,542,62.84991719
,,543,69.11964587
,,544,83.5448867
,,545,90.70217396
,,546,97.76996264
,,547,100
,,548,85.1947306
,,549,62.89967988
,,550,41.98857686
,,551,30.45922801
,,552,21.30103462
,,553,12.69405596
,,554,7.883005667
,,555,5.310088459
,,556,3.603822072
,,557,2.582275567
,,558,2.061760213
,,559,1.557531622
,,560,1.190457445
,,561,0.955354689
,,562,0.788449112
,,563,0.669880198
,,564,0.573984259
,,565,0.49864081
,,566,0.468868604
,,567,0.453973217
,,568,0.469353852
,,569,0.478219535
,,570,0.511166898
,,571,0.556475712
,,572,0.606763271
,,573,0.714057591
,,574,0.795500066
,,575,0.937172736
,,576,1.174117455
,,577,1.666480985
,,578,2.823624656
,,579,6.619441618
,,580,13.75556117
,,581,16.6440135
,,582,21.59181218
,,583,25.99432557
,,584,20.85279897
,,585,18.80621514
,,586,23.22506852
,,587,25.98405118
,,588,24.95042298
,,589,22.20344774
,,590,18.52806393
,,591,14.44317768
,,592,9.942884305
,,593,6.562288787
,,594,4.658580847
,,595,3.369417479
,,596,2.458722955
,,597,2.011056727
,,598,1.657654914
,,599,1.406977176
,,600,1.19581003
,,601,0.978004144
,,602,0.806289411
,,603,0.662695554
,,604,0.564921754
,,605,0.448982093
,,606,0.433975297
,,607,0.384431703
,,608,0.369016407
,,609,0.387514019
,,610,0.429206991
,,611,0.449854797
,,612,0.564981172
,,613,0.688027491
,,614,0.853240889
,,615,1.195437429
,,616,2.161335126
,,617,4.403218978
,,618,7.612578822
,,619,10.85069457
,,620,13.83748394
,,621,18.56000119
,,622,18.86526192
,,623,16.66159137
,,624,13.04466017
,,625,7.719160124
,,626,3.509532899
,,627,1.884000921
,,628,1.371092328
,,629,1.173597546
,,630,1.02040642
,,631,0.865429036
,,632,0.766479252
,,633,0.683301272
,,634,0.575193666
,,635,0.520988223
,,636,0.473261833
,,637,0.443515623
,,638,0.463441747
,,639,0.467958764
,,640,0.547363691
,,641,0.730867975
,,642,0.94631199
,,643,1.217975475
,,644,1.455274227
,,645,1.538335846
,,646,1.429047304
,,647,1.408526999
,,648,1.400671425
,,649,1.451782173
,,650,1.519143784
,,651,1.691684183
,,652,1.879841651
,,653,1.929938576
,,654,1.729909858
,,655,1.37387384
,,656,0.974539324
,,657,0.701411429
,,658,0.571164373
,,659,0.483478041
,,660,0.440214202
,,661,0.43788204
,,662,0.460501786
,,663,0.478207156
,,664,0.551823766
,,665,0.715587608
,,666,0.987782143
,,667,1.354132161
,,668,1.830041816
,,669,1.837654766
,,670,1.55923618
,,671,1.301127459
,,672,1.058875957
,,673,0.840525405
,,674,0.633694546
,,675,0.540734854
,,676,0.503687639
,,677,0.681013674
,,678,1.312134671
,,679,1.242418616
,,680,1.116322165
,,681,1.34474038
,,682,1.420009556
,,683,1.259727865
,,684,0.688463224
,,685,0.394873204
,,686,0.255973381
,,687,0.196763196
,,688,0.180715345
,,689,0.152326963
,,690,0.148585105
,,691,0.125679781
,,692,0.109208327
,,693,0.10324126
,,694,0.082702139
,,695,0.082392175
,,696,0.063771641
,,697,0.056753739
,,698,0.057352253
,,699,0.0468267
,,700,0.045900519
,,701,0.043914096
,,702,0.037717155
,,703,0.031122236
,,704,0.03768039
,,705,0.034942699
,,706,0.038136053
,,707,0.036105066
,,708,0.039129078
,,709,0.03136486
,,710,0.034565765
,,711,0.039851752
,,712,0.032766138
,,713,0.034822501
,,714,0.038393408
,,715,0.043067388
,,716,0.030330984
,,717,0.0364794
,,718,0.034001292
,,719,0.033149385
,,720,0.026105735
,,721,0.036294833
,,722,0.029448129
,,723,0.026149258
,,724,0.020493876
,,725,0.018840009
,,726,0.014871323
,,727,0.023396267
,,728,0.01198266
,,729,0.028061706
,,730,0.017800786
,,731,0.018228993
,,732,0.019587192
,,733,0.019785463
,,734,0.011445173
,,735,0.013143926
,,736,0.012601772
,,737,0.007050805
,,738,0.011943568
,,739,0.00962574
