# wl,ex, wl,em,Data copyright Molecular Probes
500,0.960345778,655,2.512995797
501,1.179465935,656,2.828078806
502,1.14645875,657,3.190375388
503,1.252682051,658,3.654917354
504,1.310878868,659,4.199243948
505,1.358336632,660,4.738257707
506,1.421080186,661,5.476446639
507,1.400532564,662,6.236522938
508,1.427098389,663,7.366786595
509,1.470892769,664,8.522466566
510,1.584350025,665,10.16177713
511,1.484631113,666,11.54092657
512,1.619939354,667,13.10124179
513,1.709587218,668,15.15460133
514,1.746381041,669,17.152103
515,1.855192517,670,19.47328455
516,2.051505194,671,21.75024105
517,2.141276464,672,24.472324
518,2.140904892,673,27.22060861
519,2.209840204,674,30.15831492
520,2.231433422,675,33.49896893
521,2.397634959,676,37.10043298
522,2.491212218,677,40.08024909
523,2.457062575,678,44.12415042
524,2.537377504,679,48.44138644
525,2.726886227,680,52.56359618
526,2.944345841,681,57.06339385
527,2.975950687,682,60.36401567
528,2.942966547,683,64.90077854
529,2.982132614,684,68.68677942
530,3.15030548,685,73.73664849
531,3.164824538,686,78.34769041
532,3.291312433,687,81.42335899
533,3.394723836,688,85.24998836
534,3.43938504,689,89.79495967
535,3.734280009,690,91.78980208
536,3.821461912,691,93.21220096
537,3.907200604,692,95.8720803
538,4.068425827,693,97.23359697
539,4.142658769,694,98.93954259
540,4.352706124,695,99.94532657
541,4.434855117,696,100
542,4.719823784,697,99.76889876
543,4.848680142,698,99.20123311
544,4.870417408,699,97.03088501
545,5.04815531,700,95.88172435
546,5.300376019,701,93.65762082
547,5.213365542,702,91.05328911
548,5.543520558,703,89.30678598
549,5.593392789,704,87.41006921
550,5.818932417,705,83.98738895
551,5.99358949,706,81.8750951
552,6.200238022,707,80.33016915
553,6.14779004,708,78.43209319
554,6.437693739,709,75.02789473
555,6.636951864,710,71.37852988
556,6.769964316,711,68.88807898
557,6.787804028,712,66.2361138
558,7.016157609,713,63.06159488
559,7.351876979,714,61.28183351
560,7.602679299,715,58.64775897
561,7.817421367,716,56.37318855
562,8.012803293,717,54.59249678
563,8.187233538,718,51.65716166
564,8.27592361,719,49.55922703
565,8.529640355,720,47.74172786
566,8.573553865,721,45.89945623
567,8.918729892,722,44.0679755
568,9.033442544,723,41.73005493
569,9.377871467,724,39.96872806
570,9.153068898,725,38.84680475
571,9.379364453,726,37.41827296
572,9.460031257,727,35.61923318
573,9.867458981,728,34.54119134
574,10.04227608,729,33.11563353
575,10.16733968,730,32.49524629
576,10.31013224,731,31.12145913
577,10.32821825,732,30.05026502
578,10.75146832,733,28.98195991
579,10.70560785,734,27.83852717
580,11.00022869,735,27.35867949
581,10.8578398,736,26.52785195
582,10.95244674,737,25.49681295
583,11.36385254,738,24.92288023
584,11.27763653,739,24.32035336
585,11.3764542,740,23.83774043
586,11.24881039,741,23.22594337
587,11.38062492,742,22.50063205
588,11.40127072,743,22.28474593
589,11.55913598,744,22.08331293
590,12.00408097,745,21.2978235
591,12.23548203,746,20.98550083
592,12.25861314,747,20.80138205
593,12.47720424,748,20.60858533
594,12.55142747,749,20.76312707
595,12.88694822,750,20.91645926
596,13.17116788,751,20.58519163
597,13.7980646,752,20.36095899
598,14.02082775,753,19.97420588
599,14.25644289,754,19.94730978
600,14.98052302,755,19.68542632
601,15.19682911,756,19.74960451
602,15.81662384,757,19.90894215
603,16.13581543,758,19.70405217
604,16.77215284,759,19.77530706
605,17.21862435,760,19.0829274
606,17.87442474,761,19.50887209
607,19.06076344,762,19.00324645
608,19.30097262,763,19.39217088
609,20.13311358,764,18.86276328
610,21.00926231,765,18.57153219
611,22.1130911,766,18.53349566
612,22.77252143,767,18.28917432
613,23.66516046,768,18.11625709
614,24.43986277,769,17.99996988
615,26.1133698,770,17.70493087
616,27.0000997,771,17.12930773
617,27.43369196,772,17.36620113
618,27.76043002,773,16.81753337
619,29.2559829,774,16.46251903
620,30.18900665,775,16.51233975
621,31.03420804,776,15.65370331
622,31.8821123,777,15.64955525
623,31.9297893,778,15.34926158
624,33.04919853,779,14.78387064
625,32.88624245,780,14.48639238
626,32.97616095,781,14.16126969
627,33.64227892,782,13.4480138
628,33.83486588,783,13.22423816
629,33.87893133,784,12.95684225
630,34.02967635,785,12.84775889
631,34.29645403,786,12.53153539
632,34.17291559,787,11.53428221
633,34.62051631,788,11.70786269
634,34.41237556,789,11.22034375
635,34.79888437,790,11.54446785
636,34.78045046,791,10.89440897
637,34.97809311,792,10.43914808
638,35.1985911,793,9.812705069
639,34.83032096,794,9.652940125
640,35.26769971,795,9.460476038
641,36.13589479,796,9.272162879
642,36.8783473,797,8.825871753
643,36.77253673,798,8.615242353
644,36.99485426,799,8.335599436
645,38.03412648,800,7.709964131
646,38.68999764,801,7.593107284
647,40.47662606,802,7.252254872
648,41.35913968,803,6.925507663
649,42.55403103,804,6.94164484
650,43.92630899,805,6.541595234
651,45.06897765,806,6.51980144
652,46.55508496,807,6.668187013
653,47.61722943,808,6.130240987
654,49.23131905,809,5.637378921
655,51.74474289,810,5.447877673
656,53.860272,811,5.216726542
657,56.50492486,812,5.459412406
658,57.33023959,813,5.09162662
659,59.96999348,814,5.068803927
660,62.58432709,815,4.794733953
661,65.27115813,816,4.75220942
662,68.21002788,817,4.802307792
663,71.14953617,818,4.330504061
664,74.21871868,819,4.310885455
665,76.51708829,820,3.946567359
666,79.44808846,821,3.881365782
667,82.1050771,822,3.694576881
668,85.05716517,823,3.459651907
669,87.42263953,824,3.569780387
670,90.25741827,825,3.339815512
671,91.84586534,826,3.184447531
672,92.85604015,827,2.996022874
673,94.91360977,828,2.947156173
674,98.1016803,829,3.116319456
675,98.4761556,830,2.938367477
676,99.73954993
677,99.64866072
678,100
679,99.2537106
680,99.66719822
681,98.42531007
682,97.55802875
683,95.23214285
684,94.80051894
685,93.07471795
686,90.89227469
687,87.39150028
688,84.79658046
689,82.16405343
690,78.51850065
691,75.32754675
692,72.20263603
693,67.71773418
694,63.67693126
695,60.48589696
696,56.68130227
697,52.60818386
698,48.99579678
699,45.64286473
700,42.11343164
701,38.37395558
702,34.38795297
703,31.77085588
704,28.24115511
705,25.97515044
706,22.90175151
707,20.98359236
708,18.31389056
709,16.86544872
710,14.57151825
711,13.49950214
712,11.62831599
713,10.76994675
714,9.29834562
715,8.581540326
716,7.416555144
717,6.867180397
718,5.926285159
719,5.51863717
720,4.773502178
721,4.438503831
722,3.862112341
723,3.596476038
724,3.140781119
725,2.916792935
726,2.556127324
727,2.376726265
728,2.084399368
729,1.947053985
730,1.706387592
731,1.599636348
732,1.41063046
733,1.314991991
734,1.167113425
735,1.087709425
736,0.962655714
737,0.899389584
738,0.794931733
739,0.744620979
740,0.660758989
