# wl,ex, wl,em,Data copyright Molecular Probes
400,1.545539281,520,1.371657162
401,1.569167962,521,1.364532252
402,1.6625919,522,1.426519824
403,1.647937386,523,1.445153915
404,1.686292993,524,1.530591402
405,1.784455645,525,1.632111095
406,1.906068437,526,1.701046819
407,2.031836658,527,1.853938909
408,2.134064076,528,1.935741195
409,2.171612655,529,2.167926738
410,2.232294245,530,2.376258641
411,2.249154728,531,2.583920205
412,2.40569197,532,2.925955299
413,2.523791915,533,3.306360259
414,2.614770344,534,3.710991071
415,2.835051857,535,4.301671653
416,2.799714092,536,4.847532969
417,2.965737209,537,5.653794365
418,3.183208107,538,6.553710847
419,3.341829977,539,7.627048992
420,3.435493739,540,8.920519174
421,3.661322151,541,10.72670978
422,3.805922395,542,12.64970134
423,3.88841605,543,14.9482108
424,4.05488025,544,17.50363643
425,4.291210289,545,20.43547181
426,4.46237256,546,23.01144316
427,4.5951136,547,26.43164506
428,4.844127835,548,29.99134776
429,5.154835075,549,34.09918858
430,5.297230086,550,38.48252738
431,5.727845896,551,43.10072434
432,5.743773256,552,47.45392734
433,5.975999986,553,52.63247797
434,6.361851525,554,57.55282714
435,6.488100702,555,62.59800108
436,6.742913935,556,67.20446079
437,7.107304757,557,71.3186637
438,7.408922802,558,75.17124704
439,7.662248105,559,80.59314819
440,8.002391563,560,84.16071607
441,8.436874871,561,88.02030372
442,8.6716189,562,91.84468171
443,9.197825042,563,93.91434562
444,9.599997659,564,96.40170129
445,10.08535657,565,97.87769864
446,10.53263664,566,99.71172727
447,10.81026003,567,100
448,11.15950036,568,99.85225737
449,11.75555975,569,99.8088573
450,12.22283865,570,99.38905013
451,12.90386377,571,98.2872236
452,13.07597207,572,97.66928828
453,14.09678574,573,96.19051005
454,14.32341276,574,93.64202168
455,14.89754226,575,92.21918869
456,15.67402226,576,90.07518246
457,16.00119789,577,88.38149682
458,16.49537085,578,86.20276692
459,17.46045309,579,83.84219216
460,17.87275927,580,82.54003203
461,18.69715721,581,81.6063114
462,19.40285049,582,80.11750242
463,20.11834859,583,78.763925
464,21.03446773,584,76.58655915
465,21.80742798,585,75.35933161
466,22.6597406,586,73.76877139
467,23.46634654,587,71.71554038
468,24.27015813,588,71.08779783
469,25.18801003,589,69.31823261
470,26.61583807,590,68.33409655
471,27.38219501,591,67.48410598
472,28.47088085,592,66.95313262
473,29.3388307,593,65.91452545
474,30.4888504,594,64.71461858
475,30.8770353,595,64.30850204
476,31.99656557,596,63.41206772
477,32.98131345,597,62.95991783
478,33.69839885,598,62.07353106
479,34.2580417,599,61.9562059
480,35.01655481,600,61.34334465
481,35.87564669,601,60.54728245
482,35.84383228,602,59.89454996
483,36.81727758,603,59.17190135
484,37.65713783,604,58.32081171
485,38.05560351,605,57.43825667
486,38.22048152,606,57.97199744
487,38.66053885,607,57.32960055
488,39.14851972,608,56.69987023
489,39.69957047,609,55.67660348
490,39.73710337,610,53.88400989
491,40.74688054,611,53.58676841
492,41.60074927,612,52.82454796
493,42.24765997,613,51.84851782
494,43.39332771,614,51.38875269
495,44.09312896,615,50.93036298
496,45.3927915,616,49.51976237
497,46.30978082,617,48.95799597
498,47.32706868,618,47.16637628
499,48.83566219,619,46.25950499
500,50.54049812,620,45.98858428
501,51.91532532,621,44.92831987
502,53.47972194,622,42.84803968
503,54.33343562,623,42.24952144
504,55.97252082,624,40.62532091
505,57.20365685,625,39.78016456
506,58.52227279,626,39.14018614
507,59.89211963,627,38.09222181
508,60.72251087,628,37.75921783
509,61.26227394,629,36.3071133
510,62.19456886,630,34.91898453
511,62.5720765,631,34.48548353
512,62.88799947,632,32.99225151
513,62.93816263,633,31.8926196
514,62.81745685,634,30.67384327
515,62.75109041,635,29.7726171
516,62.32711377,636,29.2947732
517,61.79440339,637,28.63852854
518,62.25910984,638,26.88089004
519,62.20903516,639,26.5625444
520,61.87824336,640,26.32978337
521,62.29949824,641,25.01758468
522,62.10891833,642,23.87212936
523,62.27992263,643,23.31964376
524,62.98482803,644,22.36046108
525,63.33434617,645,22.42768496
526,64.61372475,646,21.18815958
527,65.34099905,647,20.89578191
528,66.86058398,648,20.56253124
529,68.59695683,649,20.33301329
530,70.07173409,650,19.71816934
531,72.15721085,651,18.99901261
532,74.31446882,652,18.88659842
533,75.21987805,653,18.83315626
534,77.94795312,654,18.04246912
535,80.28794016,655,17.86986759
536,82.47410714,656,17.5256512
537,85.13389341,657,17.02279424
538,86.86366015,658,16.82373133
539,89.42915316,659,16.44826327
540,92.02315582,660,16.03780463
541,94.91810621,661,15.98151608
542,96.93186194,662,15.53191452
543,97.66296196,663,15.29245235
544,98.93416414,664,15.24833552
545,99.72974304,665,14.65215712
546,99.81815909,666,14.60722045
547,100,667,13.97173342
548,98.2836082,668,13.68344877
549,96.19968407,669,13.40042994
550,94.13685344,670,13.13748953
551,92.14375376,671,13.36771226
552,89.05374247,672,12.65736151
553,85.51956173,673,12.0681255
554,81.59378036,674,11.66282267
555,78.17734186,675,11.51900959
556,73.64052496,676,11.24161406
557,68.54563179,677,11.0247638
558,64.17644514,678,10.85652583
559,59.28298314,679,10.54960997
560,54.30992243,680,10.4476405
561,49.55208887,681,10.02901201
562,45.17438192,682,9.662266302
563,40.32868697,683,9.382736621
564,36.28694203,684,9.152289922
565,32.31614257,685,9.177111379
566,28.57600979,686,8.521548299
567,25.43787419,687,8.493829157
568,22.45478261,688,7.97176727
569,19.84207757,689,8.253861865
570,17.42857301,690,7.853668958
571,14.71708778,691,7.570312059
572,12.74432586,692,7.528501437
573,11.10617462,693,7.407097612
574,9.671867668,694,7.010240997
575,8.629855034,695,6.569525744
576,7.725958158,696,6.493548321
577,6.912554435,697,6.252836968
578,6.108435823,698,6.030090177
579,5.382756646,699,6.107724514
580,4.924511173,700,5.628527197
581,4.276033206
582,3.822523902
583,3.3759635
584,2.983123499
585,2.585378179
586,2.331219083
587,2.183250333
588,1.937238267
589,1.707160349
590,1.525256511
591,1.36757327
592,1.206711964
593,1.051998686
594,0.990845003
595,0.887153026
596,0.789887062
597,0.736243286
598,0.685872764
599,0.628817418
600,0.587392299
