# wl,abs, wl,em,Data copyright Molecular Probes
300,22.05693911,600,0.010563573
301,21.95665497,601,0.008621072
302,21.94551228,602,0.010300365
303,21.81458577,603,0.010534274
304,21.91765558,604,0.01121077
305,22.02072539,605,0.011567671
306,22.13493788,606,0.013068801
307,22.18786562,607,0.015479272
308,22.24051479,608,0.01638898
309,22.00958271,609,0.017490751
310,21.70037328,610,0.02033723
311,21.43573458,611,0.022360859
312,21.11538247,612,0.025371378
313,20.89503594,613,0.028035044
314,20.76160232,614,0.030412629
315,20.54710569,615,0.036788461
316,20.46910691,616,0.038222724
317,20.2156109,617,0.043411443
318,19.88411611,618,0.049394447
319,19.34091036,619,0.056030727
320,18.78377625,620,0.062870016
321,18.10685832,621,0.064827258
322,17.49679648,622,0.071775103
323,16.87837763,623,0.079371342
324,16.37695693,624,0.087499472
325,15.89782161,625,0.096908316
326,15.52454176,626,0.107543148
327,15.22090367,627,0.115973063
328,14.96740766,628,0.12741559
329,14.75291103,629,0.141468806
330,14.69998329,630,0.153569198
331,14.52448604,631,0.165817955
332,14.28213271,632,0.173572247
333,14.21249095,633,0.189443599
334,14.11499248,634,0.200720841
335,14.00635133,635,0.217317814
336,13.76399799,636,0.227696796
337,13.81414006,637,0.236893095
338,13.68042788,638,0.25977204
339,13.53278734,639,0.277131858
340,13.42136052,640,0.303020129
341,13.29043401,641,0.32954547
342,13.11493677,642,0.353054915
343,12.89208312,643,0.383939696
344,12.75558527,644,0.421965221
345,12.63858711,645,0.462321228
346,12.39066243,646,0.532609797
347,12.31266366,647,0.604974833
348,12.27366427,648,0.701766479
349,12.19845117,649,0.830847743
350,12.17895147,650,1.004210004
351,12.16502312,651,1.195056802
352,12.29873531,652,1.450359512
353,12.35166305,653,1.758613657
354,12.48258956,654,2.133643849
355,12.59401638,655,2.628654627
356,12.78622764,656,3.245071218
357,12.98401025,657,4.008443544
358,13.25979163,658,5.039367983
359,13.51885899,659,6.321379318
360,13.85035378,660,7.952942918
361,14.12892083,661,10.19683051
362,14.50220068,662,12.94687195
363,14.75012536,663,16.55339751
364,15.06769179,664,21.27872245
365,15.48554237,665,26.53583187
366,15.8421082,666,33.45463201
367,16.26553011,667,41.29662158
368,16.65830966,668,50.9942748
369,16.96194774,669,60.76796045
370,17.4382974,670,71.4990218
371,17.81993426,671,80.76791102
372,18.282077,672,88.65704553
373,18.83948967,673,95.21475742
374,19.36319572,674,98.63545478
375,19.92032982,675,100
376,20.48303527,676,98.84379039
377,20.93709956,677,94.01781076
378,21.59730347,678,88.49386975
379,22.09872416,679,81.81751453
380,22.7561424,680,74.34215324
381,23.06256616,681,67.18275056
382,23.55841551,682,59.22103395
383,23.94283804,683,52.53612157
384,24.37740264,684,46.06418271
385,24.82868126,685,40.74187193
386,25.27160287,686,36.16900081
387,25.65323973,687,31.88203733
388,26.05437629,688,28.4621331
389,26.53072595,689,25.89626292
390,26.94300518,690,23.21961087
391,27.36085576,691,20.87027296
392,27.76199231,692,19.1432151
393,28.21884228,693,17.485198
394,28.72026297,694,16.12761871
395,29.23004067,695,14.89873843
396,29.76488941,696,13.86747531
397,30.38609393,697,12.93932605
398,31.11872528,698,12.05028352
399,31.88478467,699,11.28765028
400,32.80127027,700,10.70690729
401,33.80132598,701,10.30210895
402,35.05209204,702,9.834288071
403,36.29171542,703,9.558165852
404,37.72633573,704,9.354962789
405,39.26681152,705,9.069387746
406,40.96328486,706,8.866102196
407,42.64304418,707,8.913172845
408,44.3506602,708,8.843346403
409,46.0415622,709,8.726810224
410,47.59875202,710,8.686801166
411,49.03337233,711,8.654243679
412,50.34542314,712,8.612629139
413,51.57947518,713,8.591301538
414,52.7021004,714,8.594853494
415,53.73558416,715,8.61966319
416,54.69385481,716,8.596026849
417,55.6019834,717,8.660418295
418,56.51289765,718,8.786486846
419,57.2928854,719,8.824948937
420,58.13415789,720,8.974392047
421,58.93921667,721,9.137075339
422,59.73034709,722,9.32417458
423,60.74154549,723,9.477406472
424,61.836314,724,9.68844075
425,63.00072427,725,9.994454129
426,64.37963118,726,10.16218128
427,65.93403532,727,10.39717003
428,67.85614797,728,10.69123354
429,69.84233105,729,10.86659064
430,71.98451167,730,11.24396255
431,74.36068862,731,11.31009194
432,76.77586495,732,11.56458352
433,79.08797147,733,11.6658259
434,81.31093654,734,11.8274956
435,83.37790406,735,11.93092458
436,84.97409326,736,11.82533466
437,86.27500139,737,11.71803688
438,87.20820101,738,11.64191024
439,87.8516909,739,11.38742079
440,88.14975765,740,11.08091281
441,88.1163296,741,10.77707614
442,87.87397627,742,10.37261967
443,87.31127082,743,10.14840929
444,86.6148532,744,9.832134936
445,85.74850967,745,9.571889277
446,84.80138169,746,9.277265971
447,83.9406095,747,9.012238348
448,83.15505042,748,8.75712456
449,82.38899103,749,8.596287636
450,81.76500084,750,8.179376784
451,81.27472283,751,7.863154304
452,81.07136888,752,7.608657679
453,80.90701432,753,7.285179808
454,81.00172712,754,7.019266552
455,81.35550727,755,6.580838936
456,81.77614352,756,6.259057059
457,82.40013371,757,5.932365291
458,83.02690958,758,5.556332941
459,83.80411165,759,5.131456309
460,84.61474177,760,4.748926022
461,85.50337066,761,4.507735892
462,86.37528553,762,4.128101745
463,87.33077052,763,3.7771664
464,88.26118447,764,3.587362666
465,89.2027411,765,3.184907402
466,90.22508218,766,2.943199841
467,91.22792356,767,2.774142401
468,92.2251936,768,2.585443292
469,93.17510725,769,2.437435465
470,94.13894925,770,2.334363325
471,95.02479247,771,2.207902701
472,95.87442197,772,2.09452345
473,96.65162405,773,1.967017144
474,97.37589838,774,1.903347777
475,98.05281631,775,1.824062237
476,98.59045072,776,1.767806297
477,99.06958605,777,1.694309928
478,99.49300797,778,1.601245465
479,99.74928965,779,1.558382885
480,99.97492897,780,1.501354461
481,99.96935762,781,1.464238112
482,100,782,1.378879655
483,99.92200123,783,1.33188038
484,99.78828904,784,1.318421503
485,99.47350827,785,1.278086465
486,99.14479915,786,1.268893198
487,98.74087693,787,1.24770171
488,98.27566995,788,1.212663534
489,97.76867792,789,1.191495253
490,97.23382918,790,1.141992722
491,96.63212435,791,1.13958084
492,95.98863446,792,1.13189484
493,95.37578695,793,1.15481936
494,94.68494067,794,1.12620335
495,93.96902334,795,1.084406303
496,93.2837484,796,1.08108971
497,92.55947407,797,1.113881011
498,91.84355674,798,1.073770015
499,91.10813973,799,1.044805746
500,90.40336509,800,1.008434373
501,89.65123405,,
502,88.92974539,,
503,88.22218508,,
504,87.54805282,,
505,86.86834921,,
506,86.2081453,,
507,85.54794139
508,84.97130759
509,84.35567441
510,83.80411165
511,83.23862054
512,82.66755808
513,82.15220904
514,81.6173603
515,81.03236949
516,80.44180734
517,79.87074489
518,79.28296841
519,78.57819377
520,77.86506212
521,77.11850242
522,76.28837261
523,75.41645774
524,74.43590172
525,73.42470333
526,72.24915037
527,71.04295504
528,69.72811856
529,68.42163909
530,67.04273219
531,65.51339908
532,64.05092206
533,62.47980389
534,60.92818541
535,59.19271269
536,57.58259513
537,55.83040838
538,54.09772132
539,52.34832024
540,50.57106245
541,48.8188757
542,47.02768956
543,45.25878879
544,43.46481698
545,41.70427322
546,39.91865842
547,38.17204301
548,36.42821327
549,34.68438353
550,32.97119617
551,31.31650788
552,29.63117722
553,27.99041729
554,26.46665552
555,24.89832303
556,23.44977436
557,22.00094713
558,20.71146025
559,19.3684885
560,18.18179286
561,16.99816146
562,15.87553624
563,14.85040949
564,13.87542481
565,12.96451056
566,12.15388044
567,11.42682044
568,10.66076105
569,10.03955652
570,9.471279737
571,8.903002953
572,8.376511226
573,7.95866065
574,7.496239345
575,7.175887236
576,6.783107694
577,6.459969915
578,6.170260182
579,5.919549836
580,5.666053819
581,5.432057496
582,5.228703549
583,5.072706
584,4.886066076
585,4.752353892
586,4.638141401
587,4.487715193
588,4.334503315
589,4.220290824
590,4.03643657
591,3.86929634
592,3.76344086
593,3.607443312
594,3.404089364
595,3.314947908
596,3.167307371
597,3.075380244
598,2.983453117
599,2.902668672
600,2.894311661
601,2.805170204
602,2.779820603
603,2.880383308
604,2.880383308
605,2.94445373
606,3.028023845
607,3.122736643
608,3.253663157
609,3.373446989
610,3.496016491
611,3.607443312
612,3.716084462
613,3.774583542
614,3.863724999
615,3.905510056
616,3.958437796
617,4.03643657
618,4.086578639
619,4.156220402
620,4.231433506
621,4.237004847
622,4.223076495
623,4.220290824
624,4.209148142
625,4.100506992
626,4.044793582
627,4.039222241
628,4.022508218
629,3.964009137
630,3.964009137
631,3.92779542
632,3.844225305
633,3.721655803
634,3.551729901
635,3.392946682
636,3.1645217
637,3.025238175
638,2.83581258
639,2.741099783
640,2.61853028
641,2.517967575
642,2.434676027
643,2.367819934
644,2.32854198
645,2.295392501
646,2.281185581
647,2.323249206
648,2.351105911
649,2.390105298
650,2.443033038
651,2.624101621
652,2.799598863
653,2.955596412
654,3.236949134
655,3.565658254
656,3.938938102
657,4.312217951
658,4.777424926
659,5.367987074
660,6.019833974
661,6.654966851
662,7.554738426
663,8.591007856
664,9.808345869
665,11.2318235
666,12.89486879
667,14.81141011
668,17.00930414
669,19.35205304
670,21.66694523
671,23.70327038
672,25.12396234
673,25.78973759
674,25.5334559
675,24.3743384
676,22.58343083
677,20.15683325
678,17.50236782
679,14.71391164
680,12.22073653
681,9.969914758
682,8.039445094
683,6.454398574
684,5.248203243
685,4.19800546
686,3.314947908
687,2.70739317
688,2.203465374
689,1.858042231
690,1.495905064
691,1.275837094
692,1.064126135
693,0.922056939
694,0.799487437
695,0.688060616
696,0.576633796
697,0.537634409
698,0.454064293
699,0.442921611
700,0.359351496
