# wl,abs, wl,em,Data copyright Molecular Probes
300,100,600,0.528893251
301,97.44334805,601,0.521469139
302,95.06167608,602,0.523887301
303,92.88090705,603,0.517271511
304,90.79734913,604,0.520641644
305,88.73971416,605,0.521317295
306,86.65291587,606,0.513220752
307,84.64712682,607,0.511211288
308,82.53116519,608,0.52007071
309,80.44112653,609,0.514932821
310,78.33164564,610,0.515969238
311,76.28697215,611,0.524178768
312,74.27794274,612,0.518193552
313,72.37260516,613,0.517816174
314,70.52235388,614,0.508894477
315,68.77903481,615,0.513076079
316,67.09080202,616,0.503982195
317,65.47385738,617,0.502216853
318,64.03189272,618,0.498671898
319,62.58020695,619,0.498838012
320,61.23869376,620,0.505229365
321,59.98467056,621,0.498173411
322,58.84730068,622,0.492627701
323,57.75529598,623,0.504057568
324,56.7475409,624,0.50517858
325,55.76570878,625,0.495348234
326,54.87460703,626,0.496603307
327,53.54605532,627,0.494566548
328,52.97899056,628,0.489642411
329,52.39896433,629,0.498757663
330,51.70876551,630,0.498712146
331,50.99912448,631,0.502323692
332,50.35105047,632,0.500068205
333,49.71917832,633,0.504310105
334,49.10026764,634,0.498824986
335,48.53320289,635,0.509337789
336,47.95641702,636,0.484534011
337,47.4185156,637,0.497368162
338,46.9097775,638,0.50027603
339,46.3913183,639,0.501730366
340,45.85989762,640,0.508368036
341,45.40300544,641,0.521310929
342,44.91694994,642,0.516951871
343,44.49246147,643,0.512551248
344,44.03556929,644,0.505050957
345,43.61432119,645,0.54044174
346,43.14770791,646,0.526421596
347,42.6940561,647,0.531314487
348,42.29549059,648,0.526070635
349,41.85804064,649,0.54797496
350,41.46919623,650,0.54483885
351,41.0835922,651,0.549537087
352,40.65262299,652,0.556953589
353,40.27674006,653,0.552386267
354,39.88141492,654,0.577528346
355,39.49257052,655,0.583654136
356,39.13937018,656,0.581323129
357,38.78941022,657,0.579890526
358,38.42972915,658,0.580429408
359,38.10245178,659,0.593906572
360,37.77841477,660,0.596754654
361,37.43817592,661,0.606539117
362,37.15302336,662,0.6170959
363,36.80630377,663,0.634572745
364,36.49846861,664,0.623628413
365,36.14850865,665,0.628744569
366,35.88603868,666,0.63846588
367,35.58792464,667,0.659815956
368,35.29629133,668,0.66767972
369,35.00141766,669,0.689147246
370,34.6838614,670,0.707294547
371,34.42787217,671,0.735645255
372,34.12327739,672,0.76819381
373,33.86728815,673,0.754997795
374,33.57565485,674,0.785867211
375,33.27106007,675,0.813959308
376,33.01183047,676,0.832130538
377,32.68131272,677,0.873596765
378,32.39616016,678,0.909887196
379,32.06564242,679,0.939316691
380,31.7869706,680,0.983820457
381,31.37835994,681,1.040301022
382,31.26170662,682,1.076405581
383,30.84402292,683,1.115221379
384,30.61071628,684,1.165577324
385,30.41597004,685,1.219770495
386,30.14410299,686,1.290038424
387,29.84598895,687,1.381622841
388,29.61268231,688,1.443214512
389,29.36641419,689,1.53821692
390,29.12986718,690,1.630710498
391,28.90304127,691,1.729680315
392,28.63733093,692,1.807267859
393,28.35217837,693,1.922437202
394,28.13831395,694,2.046718798
395,27.90500731,695,2.211594047
396,27.69438325,696,2.357154224
397,27.47079772,697,2.518252472
398,27.25045256,698,2.664072869
399,27.02362666,699,2.837863449
400,26.80976224,700,3.080731062
401,26.56997486,701,3.271537174
402,26.34962969,702,3.523759696
403,26.14548638,703,3.794418499
404,25.92190085,704,4.02592891
405,25.74692087,705,4.34739897
406,25.52333534,706,4.676072145
407,25.34511499,707,5.015561518
408,25.12801019,708,5.387302124
409,24.93034762,709,5.709275501
410,24.73592542,710,6.154677952
411,24.51882063,711,6.608170945
412,24.32439843,712,7.060405207
413,24.10729364,713,7.531666367
414,23.88694848,714,8.025310142
415,23.69900701,715,8.652168039
416,23.46246,716,9.269538356
417,23.24535521,717,9.941301108
418,23.02501005,718,10.50490239
419,22.77193715,719,11.25580515
420,22.56811787,720,12.04175454
421,22.34777271,721,12.76824774
422,22.12418718,722,13.65617199
423,21.92004387,723,14.59447568
424,21.72886204,724,15.33755698
425,21.51175725,725,16.41841192
426,21.29465245,726,17.4351837
427,21.09374951,727,18.29580091
428,20.88636583,728,19.28417157
429,20.68870326,729,20.59160883
430,20.52668476,730,21.68630675
431,20.30309923,731,22.90638145
432,20.12163851,732,24.14244345
433,19.90777408,733,25.35686201
434,19.74575558,734,26.70092025
435,19.54809301,735,27.90765316
436,19.35691118,736,29.34921393
437,19.20785416,737,30.90895209
438,19.07175862,738,32.26408828
439,18.86761531,739,33.77686331
440,18.69587569,740,35.19527317
441,18.54033793,741,36.73432453
442,18.38480017,742,38.35186573
443,18.20982019,743,40.20778375
444,18.03808058,744,41.87057052
445,17.91494652,745,43.52096783
446,17.73024543,746,44.91700554
447,17.54554434,747,46.6726975
448,17.36732398,748,48.31488873
449,17.19558437,749,50.15435637
450,17.02708513,750,52.15347525
451,16.81814358,751,53.67104145
452,16.64272739,752,55.58099518
453,16.45998922,753,57.23965061
454,16.27849734,754,59.04142728
455,16.08563301,755,60.71852872
456,15.888874,756,62.3417412
457,15.67575736,757,64.2855887
458,15.45905761,758,66.45669981
459,15.22973912,759,68.03038933
460,14.98608822,760,69.76139753
461,14.73745213,761,71.58565714
462,14.48196142,762,73.3350812
463,14.21322881,763,74.90197242
464,13.93842051,764,76.43353938
465,13.67342678,765,77.61196
466,13.40126686,766,79.436311
467,13.1415699,767,80.7889132
468,12.88249608,768,82.34131835
469,12.6397799,769,83.58168899
470,12.40111419,770,85.23092827
471,12.182545,771,86.33535079
472,11.97160937,772,87.47423415
473,11.77547351,773,88.25787559
474,11.58556914,774,89.04371755
475,11.40656985,775,90.87319079
476,11.2403451,776,91.7577114
477,11.08081919,777,92.93506691
478,10.92814791,778,93.84387415
479,10.78466806,779,94.68643209
480,10.64944493,780,95.55185394
481,10.51796069,781,95.94041272
482,10.39068269,782,96.76511417
483,10.26743958,783,97.5522175
484,10.15092647,784,98.5235948
485,10.03424199,785,98.64439927
486,9.924100564,786,98.63400802
487,9.815672797,787,99.5635985
488,9.715969104,788,99.73120035
489,9.612993884,789,99.7018998
490,9.517963801,790,99.3020488
491,9.424024228,791,99.58390476
492,9.332733034,792,100
493,9.243467071,793,99.68334102
494,9.157472636,794,98.89645598
495,9.075217089,795,98.72909092
496,8.995438556,796,98.45854657
497,8.913821736,797,98.23556123
498,8.835928226,798,97.85319454
499,8.75990416,799,96.65831301
500,8.687463195,800,95.24459019
501,8.617982184,801,94.37683558
502,8.548189599,802,93.01739755
503,8.481824328,803,91.72989335
504,8.414680123,804,90.91199334
505,8.349249574,805,89.08067895
506,8.286155831,806,87.17841205
507,8.224152597,807,85.7546324
508,8.16121464,808,84.07699076
509,8.098588258,809,82.12613596
510,8.03734838,810,80.67185579
511,7.974893364,811,78.11379025
512,7.911799621,812,76.40949943
513,7.848394303,813,74.00186559
514,7.784521625,814,72.32063457
515,7.72096052,815,69.48216104
516,7.655841546,816,67.09569389
517,7.587762618,817,64.76795197
518,7.521085773,818,62.32981687
519,7.452539484,819,59.7731
520,7.383837408,820,57.40577252
521,7.310773296,821,54.85240792
522,7.242538581,822,52.72357217
523,7.171499699,823,49.80740937
524,7.099526096,824,47.15998271
525,7.026306196,825,44.22671167
526,6.95448838,826,41.87275817
527,6.880177971,827,39.30887133
528,6.80649071,828,36.5395472
529,6.734049746,829,33.85411563
530,6.662543504,830,31.4004178
531,6.589790965,831,29.27363321
532,6.517817362,832,26.99781097
533,6.448647924,833,24.70164382
534,6.378232191,834,22.77745503
535,6.30875118,835,20.55096417
536,6.2412954,836,18.90593862
537,6.174306981,837,17.01823119
538,6.107785924,838,15.59756672
539,6.043290097,839,14.0242379
540,5.980507928,840,12.61461012
541,5.91975099,841,11.566276
542,5.857591969,842,10.1235067
543,5.796211883,843,9.222879137
544,5.740595917,844,8.257441613
545,5.683733654,845,7.403732026
546,5.627182966,846,6.552069222
547,5.571878573,847,5.784372876
548,5.519534134,848,5.153443728
549,5.467345483,849,4.620431662
550,5.415001044,850,4.066957607
551,5.36499341,851,3.560775466
552,5.320282535,852,3.076904519
553,5.271521198,853,2.79169679
554,5.225564027,854,2.480283342
555,5.181320513,855,2.228458614
556,5.137076999,856,1.824655208
557,5.09470293,857,1.728519275
558,5.051861499,858,1.450859841
559,5.010577939,859,1.206680735
560,4.969605952,860,1.184383445
561,4.92894554,861,1.08176981
562,4.889687211,862,0.764489694
563,4.852454113,863,0.697721495
564,4.813974719,864,0.638402069
565,4.777520556,865,0.548783356
566,4.740443245,866,0.478277964
567,4.706481675,867,0.390076706
568,4.670183299,868,0.35793041
569,4.633105988,869,0.339799866
570,4.599455992,870,0.322090096
571,4.56502706,871,0.390900688
572,4.530753916,872,0.264053478
573,4.495546049,873,0.213557836
574,4.460649757,874,0.206454463
575,4.428713417,875,0.197105261
576,4.393661338,876,0.075356351
577,4.361724999,877,0.153471507
578,4.326984493,878,0.039468471
579,4.294269219,879,0.173665665
580,4.260307648,880,0.089611395
581,4.226813439,881,0.069255514
582,4.192384507,882,0.086627935
583,4.159357659,883,0.064222342
584,4.12897919,884,0.1255344
585,4.09236924,885,0.008517901
586,4.059653966,886,-0.078489095
587,4.025536608,887,-0.046836749
588,3.993132908,888,0.002873694
589,3.959482912,889,0.041295722
590,3.924586619,890,-0.126458636
591,3.893117641,891,-0.004560443
592,3.858532922,892,-0.085071442
593,3.827531305,893,0.099989478
594,3.794037096,894,-0.060439047
595,3.761477609,895,0.06745168
596,3.727671825,896,0.002924187
597,3.694956551,897,-0.086740629
598,3.661929703,898,-0.034286748
599,3.63123966,899,-0.083965725
600,3.598835959,900,0.069739219
601,3.567366981,901,-0.071173505
602,3.534028559,902,-0.044383096
603,3.504117451,903,-0.042443883
604,3.471713751,904,0.024314071
605,3.439621624,905,0.070511978
606,3.409398943,906,-0.024876809
607,3.375748946,907,0.031031798
608,3.34677256,908,0.033286407
609,3.314680434,909,0.026673325
610,3.284457752,910,-0.004560443
611,3.252209839,911,-0.004560443
612,3.219806139,912,-0.085071442
613,3.189271883,913,0.099989478
614,3.15858184,914,-0.060439047
615,3.126489713,915,0.06745168
616,3.094709161,916,0.002924187
617,3.061682313,917,-0.086740629
618,3.031615418,918,-0.034286748
619,2.996874912,919,-0.083965725
620,2.965405934,920,0.069739219
621,2.933313808
622,2.898417515
623,2.867260111
624,2.833921689
625,2.80198535
626,2.768958501
627,2.738891607
628,2.70524161
629,2.674084206
630,2.64043421
631,2.609899954
632,2.575626809
633,2.545871488
634,2.51284464
635,2.483712467
636,2.451776128
637,2.421709233
638,2.392732847
639,2.363756461
640,2.335559011
641,2.30736156
642,2.280877766
643,2.25299189
644,2.228844902
645,2.201426386
646,2.175565741
647,2.150639817
648,2.127739125
649,2.10187848
650,2.080224084
651,2.055298161
652,2.032553256
653,2.009652564
654,1.988621316
655,1.96696692
656,1.942819932
657,1.92303498
658,1.900913224
659,1.880037763
660,1.857760219
661,1.836728971
662,1.813984066
663,1.791862309
664,1.76880583
665,1.749176666
666,1.724718103
667,1.701661624
668,1.679228293
669,1.655392879
670,1.633426909
671,1.608968347
672,1.586223442
673,1.56176488
674,1.537150531
675,1.51206882
676,1.488233406
677,1.462357182
678,1.438848921
679,1.414701933
680,1.386816056
681,1.364211359
682,1.339456802
683,1.312661434
684,1.288202872
685,1.26326137
686,1.237556512
687,1.214982972
688,1.191287767
689,1.166844783
690,1.143305364
691,1.121822334
692,1.099389003
693,1.076799885
694,1.054989702
695,1.033475515
696,1.013861929
697,0.992986468
698,0.9746036
699,0.956064944
700,0.937682076
701,0.919454995
702,0.902941571
703,0.886272359
704,0.87053787
705,0.855270742
706,0.840782549
707,0.826605931
708,0.812896673
709,0.799654776
710,0.787659175
711,0.775040427
712,0.765225844
713,0.752139735
714,0.742480939
715,0.732666357
716,0.723007562
717,0.71319298
718,0.704936268
719,0.696679555
720,0.688890204
721,0.681100853
722,0.672065206
723,0.666924235
724,0.658823309
725,0.652747616
726,0.646983496
727,0.640284654
728,0.634053173
729,0.62688697
730,0.620499702
731,0.616137666
732,0.609750398
733,0.604453639
734,0.59868952
735,0.592146465
736,0.586538132
737,0.580462438
738,0.57407517
739,0.568622625
740,0.563014292
741,0.557250172
742,0.550395543
743,0.545098785
744,0.539490452
745,0.53123374
746,0.525936981
747,0.520328648
748,0.513006658
749,0.504905733
750,0.497116382
751,0.488236522
752,0.480758745
753,0.47265782
754,0.464712682
755,0.457546479
756,0.450068702
757,0.441967777
758,0.434645787
759,0.424986992
760,0.418132363
761,0.409719864
762,0.401151578
763,0.39320644
764,0.385572876
765,0.376537228
766,0.36703422
767,0.360491165
768,0.35083237
769,0.343666167
770,0.335721029
771,0.327775891
772,0.321388623
773,0.313910846
774,0.306121495
775,0.299111079
776,0.291789089
777,0.284467099
778,0.276989322
779,0.269355758
780,0.263124278
