# Pacific Blue

# ext-coef: (page 72) P-10163 @ http://www.mobitec.de/probes/docs/sections/0107.pdf
# Tauf --> not sure

Q0 0.75
extcoeffv 36000
extcoeffwav 402
tauf 1000 
# wl,ex, wl,em,Data copyright Molecular Probes
300,3.40296351,410,0.690474896
301,3.408792376,411,0.774472001
302,3.289359214,412,0.944077997
303,3.160570869,413,1.175406902
304,3.053127711,414,1.447138853
305,3.012569701,415,1.766371084
306,2.945480107,416,2.14585401
307,2.921654892,417,2.654737904
308,2.893565042,418,3.249574259
309,2.856758968,419,3.951292672
310,2.850962535,420,4.780885645
311,2.899423412,421,5.744410123
312,2.904721094,422,6.785592052
313,2.92482297,423,8.021307388
314,2.960685275,424,9.445055741
315,2.979646268,425,11.08850409
316,3.047785978,426,12.99383663
317,3.111801322,427,15.06660495
318,3.170725583,428,17.38605056
319,3.257422787,429,20.01075972
320,3.36576253,430,22.79040711
321,3.472337611,431,25.89970308
322,3.623913555,432,29.16488081
323,3.749861605,433,32.7027022
324,3.943320459,434,36.61862773
325,4.170911024,435,40.59868721
326,4.388909611,436,44.71302166
327,4.635826657,437,48.98527349
328,4.952867996,438,53.39241183
329,5.236676194,439,57.85286325
330,5.530832647,440,62.22629334
331,5.849847579,441,66.68817252
332,6.199718471,442,71.02771088
333,6.629689889,443,75.15078426
334,7.033340232,444,79.03341823
335,7.440611393,445,82.62807459
336,7.882187667,446,85.9105867
337,8.379019262,447,88.95083347
338,8.858194434,448,91.76003767
339,9.407378822,449,94.09025519
340,9.979274365,450,96.12906162
341,10.56325895,451,97.7106105
342,11.24145573,452,98.81026343
343,11.88007781,453,99.55693114
344,12.61945648,454,99.91435057
345,13.36051552,455,100
346,14.1172392,456,99.65931689
347,14.96860599,457,98.95061665
348,15.79790008,458,98.15773948
349,16.78048277,459,97.14993999
350,17.71603049,460,95.78421038
351,18.75161631,461,94.27372566
352,19.72263969,462,92.61817131
353,20.84640247,463,90.7934244
354,21.9886577,464,88.96589926
355,23.16022093,465,86.83755377
356,24.38486987,466,84.65827155
357,25.63989252,467,82.42794775
358,26.93794021,468,80.19426911
359,28.34473594,469,78.05288869
360,29.63336223,470,75.78863955
361,31.02252623,471,73.61679345
362,32.44422664,472,71.48962872
363,33.87769679,473,69.28733442
364,35.44465817,474,67.20175832
365,37.09822258,475,65.23316252
366,38.80487726,476,63.16548893
367,40.46279608,477,61.19095227
368,42.1268824,478,59.35790325
369,44.01894551,479,57.48599643
370,45.6550479,480,55.74389146
371,47.36457783,481,54.05950782
372,49.18849078,482,52.33641491
373,51.02804222,483,50.71948141
374,52.96844347,484,49.12432945
375,54.88740604,485,47.57520429
376,56.72851643,486,46.03589531
377,58.52126813,487,44.54277038
378,60.56695263,488,43.02319859
379,62.26602924,489,41.59844113
380,64.02906711,490,40.18372701
381,65.71142136,491,38.87881838
382,67.56844965,492,37.55229289
383,69.49539715,493,36.62504519
384,71.29002586,494,35.70487871
385,73.12236905,495,34.65597136
386,74.85487561,496,33.86195682
387,76.86614336,497,32.77048809
388,78.73930854,498,31.85171644
389,80.58494036,499,30.91832098
390,82.77544909,500,30.00539007
391,84.67968385,501,29.0430009
392,86.7179938,502,28.17621507
393,88.57510514,503,27.25638274
394,90.56140319,504,26.37289153
395,92.40693295,505,25.53376993
396,94.11191223,506,24.65534252
397,95.61089504,507,23.98900325
398,96.8415353,508,23.20330342
399,98.0422465,509,22.47912157
400,99.01033589,510,21.87970528
401,99.44475703,511,21.20560113
402,100,512,20.50651028
403,99.73176019,513,19.86036985
404,99.53301711,514,19.27524925
405,98.91164089,515,18.75356709
406,98.22404482,516,18.22421598
407,97.1618046,517,17.67500853
408,95.69302359,518,17.18626779
409,93.97261408,519,16.79137664
410,92.16710183,520,16.37856928
411,90.00521778,521,15.84158336
412,87.26446731,522,15.33814702
413,84.51371399,523,14.74297425
414,81.49398038,524,14.31293459
415,78.23291339,525,13.9159666
416,74.9931077,526,13.58377541
417,71.28724883,527,13.23968924
418,67.9573101,528,12.78271703
419,64.2625474,529,12.36082428
420,60.46898937,530,11.94330417
421,56.72626901,531,11.56550696
422,53.09538408,532,11.17729635
423,49.32919561,533,10.83133023
424,45.86601365,534,10.58570723
425,42.44762191,535,10.27632199
426,39.03601119,536,9.959056592
427,35.65145038,537,9.637274587
428,32.34070778,538,9.329024558
429,29.23592069,539,9.024293863
430,26.34451285,540,8.711830571
431,23.61233371,541,8.393946046
432,21.12139986,542,8.133183553
433,18.83135783,543,7.922082132
434,16.6583983,544,7.655239928
435,14.59509338,545,7.377378316
436,12.82556663,546,7.057135691
437,11.22514029,547,6.846497693
438,9.806359837,548,6.57813801
439,8.490487729,549,6.368369676
440,7.367921289,550,6.126378617
441,6.332967038,551,5.940090452
442,5.426729121,552,5.724915902
443,4.608355091,553,5.517717977
444,3.885162988,554,5.319449655
445,3.269583483,555,5.098480171
446,2.717236346,556,4.915953317
447,2.269528259,557,4.75160929
448,1.934910189,558,4.555173722
449,1.637738502,559,4.424645383
450,1.40782716,560,4.256411229
,,561,4.139356877
,,562,3.996701199
,,563,3.882875253
,,564,3.749794007
,,565,3.660409291
,,566,3.535646283
,,567,3.408341414
,,568,3.326751652
,,569,3.211256506
,,570,3.092404598
,,571,3.015053543
,,572,2.907303876
,,573,2.790978451
,,574,2.684863855
,,575,2.646676663
,,576,2.549551028
,,577,2.466754287
,,578,2.403354593
,,579,2.334500304
,,580,2.24955491
,,581,2.204163486
,,582,2.110048584
,,583,2.029219989
,,584,1.970303661
,,585,1.903606475
,,586,1.851312374
,,587,1.804779799
,,588,1.725251158
,,589,1.666117529
,,590,1.622819756
,,591,1.568696181
,,592,1.511205097
,,593,1.454772028
,,594,1.42500807
,,595,1.37887188
,,596,1.34357907
,,597,1.29008757
,,598,1.259202305
,,599,1.214557881
,,600,1.157518273
,,601,1.118514141
,,602,1.091302009
,,603,1.063269637
,,604,1.026202463
,,605,0.986459923
,,606,0.964995679
,,607,0.940393907
,,608,0.893904588
,,609,0.866005587
,,610,0.835195576
,,611,0.831831965
,,612,0.786802986
,,613,0.77580052
,,614,0.751907433
,,615,0.745008649
,,616,0.723970918
,,617,0.705741348
,,618,0.676147429
,,619,0.674705418
,,620,0.66539977
,,621,0.640507196
,,622,0.637975997
,,623,0.61632557
,,624,0.605386055
,,625,0.590112197
,,626,0.571784446
,,627,0.574642639
,,628,0.557736347
,,629,0.557559752
,,630,0.527754598
,,631,0.523777193
,,632,0.514912155
,,633,0.500169586
,,634,0.472173614
,,635,0.461473632
,,636,0.457647817
,,637,0.456560071
,,638,0.437948247
,,639,0.425716137
,,640,0.434881227
,,641,0.414051917
,,642,0.398090566
,,643,0.399303992
,,644,0.387825892
,,645,0.361821722
,,646,0.370443374
,,647,0.371808089
,,648,0.354380141
,,649,0.359667146
,,650,0.347441151
