# ATTO 590
# Data source: http://www.atto-tec.com/uploads/media/Katalog.pdf
Q0 0.8
extcoeffv 120000
tauf 3700

# ex-wav, exc-val, fluor-wav, fluor-val
250, 0.265, 556, 0.003
251, 0.2725, 557, 0.003
252, 0.283, 558, 0.004
253, 0.296, 559, 0.004
254, 0.3085, 560, 0.004
255, 0.3245, 561, 0.005
256, 0.339, 562, 0.005
257, 0.358, 563, 0.006
258, 0.3785, 564, 0.006
259, 0.401, 565, 0.007
260, 0.4265, 566, 0.008
261, 0.452, 567, 0.009
262, 0.4815, 568, 0.01
263, 0.5075, 569, 0.012
264, 0.5325, 570, 0.013
265, 0.554, 571, 0.014
266, 0.5675, 572, 0.017
267, 0.578, 573, 0.02
268, 0.5835, 574, 0.023
269, 0.5905, 575, 0.025
270, 0.597, 576, 0.029
271, 0.607, 577, 0.032
272, 0.6205, 578, 0.038
273, 0.632, 579, 0.043
274, 0.64, 580, 0.051
275, 0.6375, 581, 0.058
276, 0.623, 582, 0.066
277, 0.59, 583, 0.074
278, 0.543, 584, 0.084
279, 0.485, 585, 0.095
280, 0.4205, 586, 0.109
281, 0.3625, 587, 0.123
282, 0.311, 588, 0.138
283, 0.2705, 589, 0.156
284, 0.2385, 590, 0.175
285, 0.213, 591, 0.195
286, 0.195, 592, 0.216
287, 0.1765, 593, 0.239
288, 0.1645, 594, 0.263
289, 0.152, 595, 0.289
290, 0.142, 596, 0.317
291, 0.134, 597, 0.347
292, 0.1275, 598, 0.38
293, 0.126, 599, 0.414
294, 0.1235, 600, 0.449
295, 0.124, 601, 0.486
296, 0.1205, 602, 0.525
297, 0.12, 603, 0.565
298, 0.115, 604, 0.605
299, 0.108, 605, 0.644
300, 0.1025, 606, 0.684
301, 0.0955, 607, 0.722
302, 0.09, 608, 0.76
303, 0.0845, 609, 0.796
304, 0.0825, 610, 0.83
305, 0.077, 611, 0.86
306, 0.0735, 612, 0.887
307, 0.0735, 613, 0.91
308, 0.07, 614, 0.927
309, 0.069, 615, 0.944
310, 0.0665, 616, 0.958
311, 0.0645, 617, 0.976
312, 0.063, 618, 0.987
313, 0.0615, 619, 0.995
314, 0.061, 620, 0.998
315, 0.0575, 621, 1
316, 0.058, 622, 0.998
317, 0.0555, 623, 0.991
318, 0.056, 624, 0.985
319, 0.0565, 625, 0.975
320, 0.054, 626, 0.966
321, 0.0545, 627, 0.951
322, 0.055, 628, 0.932
323, 0.0555, 629, 0.91
324, 0.056, 630, 0.889
325, 0.056, 631, 0.87
326, 0.0595, 632, 0.849
327, 0.0605, 633, 0.825
328, 0.061, 634, 0.801
329, 0.063, 635, 0.78
330, 0.064, 636, 0.757
331, 0.065, 637, 0.733
332, 0.0665, 638, 0.708
333, 0.0685, 639, 0.684
334, 0.0695, 640, 0.661
335, 0.071, 641, 0.636
336, 0.0715, 642, 0.615
337, 0.073, 643, 0.592
338, 0.0725, 644, 0.573
339, 0.0745, 645, 0.549
340, 0.076, 646, 0.528
341, 0.0755, 647, 0.507
342, 0.078, 648, 0.49
343, 0.08, 649, 0.472
344, 0.081, 650, 0.455
345, 0.0825, 651, 0.439
346, 0.084, 652, 0.424
347, 0.0855, 653, 0.41
348, 0.086, 654, 0.397
349, 0.088, 655, 0.382
350, 0.0875, 656, 0.367
351, 0.089, 657, 0.355
352, 0.089, 658, 0.345
353, 0.089, 659, 0.335
354, 0.089, 660, 0.327
355, 0.0895, 661, 0.319
356, 0.0905, 662, 0.309
357, 0.089, 663, 0.297
358, 0.089, 664, 0.289
359, 0.0885, 665, 0.281
360, 0.09, 666, 0.276
361, 0.0915, 667, 0.269
362, 0.0915, 668, 0.265
363, 0.0925, 669, 0.257
364, 0.094, 670, 0.251
365, 0.0955, 671, 0.245
366, 0.0965, 672, 0.24
367, 0.0985, 673, 0.234
368, 0.0985, 674, 0.229
369, 0.099, 675, 0.224
370, 0.1, 676, 0.219
371, 0.0985, 677, 0.214
372, 0.098, 678, 0.21
373, 0.094, 679, 0.205
374, 0.092, 680, 0.2
375, 0.088, 681, 0.194
376, 0.087, 682, 0.188
377, 0.0835, 683, 0.182
378, 0.08, 684, 0.179
379, 0.0785, 685, 0.174
380, 0.077, 686, 0.168
381, 0.0755, 687, 0.162
382, 0.075, 688, 0.159
383, 0.076, 689, 0.156
384, 0.074, 690, 0.152
385, 0.076, 691, 0.148
386, 0.0775, 692, 0.144
387, 0.0775, 693, 0.139
388, 0.0785, 694, 0.135
389, 0.081, 695, 0.13
390, 0.0825, 696, 0.126
391, 0.083, 697, 0.123
392, 0.0835, 698, 0.119
393, 0.0845, 699, 0.115
394, 0.0855, 700, 0.111
395, 0.086, 701, 0.108
396, 0.086, 702, 0.104
397, 0.086, 703, 0.1
398, 0.085, 704, 0.096
399, 0.086, 705, 0.092
400, 0.0845, 706, 0.088
401, 0.0825, 707, 0.085
402, 0.082, 708, 0.082
403, 0.0805, 709, 0.081
404, 0.0785, 710, 0.078
405, 0.076, 711, 0.075
406, 0.075, 712, 0.071
407, 0.072, 713, 0.068
408, 0.069, 714, 0.065
409, 0.0685, 715, 0.064
410, 0.065, 716, 0.062
411, 0.063, 717, 0.06
412, 0.059, 718, 0.057
413, 0.0575, 719, 0.055
414, 0.0525, 720, 0.053
415, 0.0495, 721, 0.051
416, 0.047, 722, 0.05
417, 0.045, 723, 0.048
418, 0.042, 724, 0.047
419, 0.038, 725, 0.045
420, 0.036, 726, 0.044
421, 0.0335, 727, 0.041
422, 0.03, 728, 0.04
423, 0.029, 729, 0.038
424, 0.0265, 730, 0.037
425, 0.0245, 731, 0.035
426, 0.022, 732, 0.033
427, 0.0195, 733, 0.032
428, 0.019, 734, 0.032
429, 0.0165, 735, 0.031
430, 0.0165, 736, 0.03
431, 0.015, 737, 0.029
432, 0.0135, 738, 0.029
433, 0.0125, 739, 0.028
434, 0.0125, 740, 0.027
435, 0.011, 741, 0.026
436, 0.0095, 742, 0.025
437, 0.0095, 743, 0.025
438, 0.0105, 744, 0.024
439, 0.009, 745, 0.023
440, 0.0075, 746, 0.023
441, 0.007, 747, 0.022
442, 0.0085, 748, 0.021
443, 0.0065, 749, 0.02
444, 0.007, 750, 0.019
445, 0.007, 751, 0.018
446, 0.0065, 752, 0.018
447, 0.006, 753, 0.018
448, 0.007, 754, 0.017
449, 0.006, 755, 0.017
450, 0.005, 756, 0.017
451, 0.0065, 757, 0.017
452, 0.0065, 758, 0.017
453, 0.0065, 759, 0.017
454, 0.0065, 760, 0.015
455, 0.0075, 761, 0.015
456, 0.007, 762, 0.014
457, 0.007, 763, 0.013
458, 0.0065, 764, 0.013
459, 0.0085, 765, 0.013
460, 0.008, 766, 0.013
461, 0.0085, 767, 0.013
462, 0.0095, 768, 0.013
463, 0.0095, 769, 0.012
464, 0.0095, 770, 0.011
465, 0.0095, 771, 0.011
466, 0.0105, 772, 0.011
467, 0.011, 773, 0.011
468, 0.0105, 774, 0.01
469, 0.0125, 775, 0.01
470, 0.013, 776, 0.009
471, 0.013, 777, 0.009
472, 0.014, 778, 0.009
473, 0.014, 779, 0.009
474, 0.014, 780, 0.009
475, 0.015, 781, 0.009
476, 0.0155, 782, 0.008
477, 0.0165, 783, 0.008
478, 0.017, 784, 0.008
479, 0.018, 785, 0.008
480, 0.02, 786, 0.007
481, 0.0205, 787, 0.007
482, 0.021, 788, 0.007
483, 0.0225, 789, 0.007
484, 0.0235, 790, 0.007
485, 0.0245, 791, 0.007
486, 0.0255, 792, 0.007
487, 0.028, 793, 0.006
488, 0.029, 794, 0.006
489, 0.031, 795, 0.006
490, 0.033, 796, 0.006
491, 0.035, 797, 0.005
492, 0.036, 798, 0.006
493, 0.039, 799, 0.005
494, 0.041, , 
495, 0.0435, , 
496, 0.0455, , 
497, 0.0485, , 
498, 0.051, , 
499, 0.0535, , 
500, 0.0565, , 
501, 0.059, , 
502, 0.0625, , 
503, 0.0645, , 
504, 0.0675, , 
505, 0.071, , 
506, 0.073, , 
507, 0.076, , 
508, 0.0795, , 
509, 0.082, , 
510, 0.0845, , 
511, 0.0875, , 
512, 0.091, , 
513, 0.0935, , 
514, 0.0975, , 
515, 0.1015, , 
516, 0.1045, , 
517, 0.108, , 
518, 0.1125, , 
519, 0.117, , 
520, 0.1215, , 
521, 0.1275, , 
522, 0.1335, , 
523, 0.1385, , 
524, 0.1455, , 
525, 0.1525, , 
526, 0.1605, , 
527, 0.1675, , 
528, 0.177, , 
529, 0.186, , 
530, 0.1955, , 
531, 0.2055, , 
532, 0.217, , 
533, 0.2275, , 
534, 0.239, , 
535, 0.251, , 
536, 0.2625, , 
537, 0.2745, , 
538, 0.2855, , 
539, 0.2975, , 
540, 0.31, , 
541, 0.32, , 
542, 0.331, , 
543, 0.342, , 
544, 0.3515, , 
545, 0.3605, , 
546, 0.3695, , 
547, 0.377, , 
548, 0.384, , 
549, 0.391, , 
550, 0.3965, , 
551, 0.402, , 
552, 0.406, , 
553, 0.411, , 
554, 0.4145, , 
555, 0.418, , 
556, 0.4215, , 
557, 0.4255, , 
558, 0.429, , 
559, 0.4325, , 
560, 0.4375, , 
561, 0.442, , 
562, 0.4485, , 
563, 0.454, , 
564, 0.4615, , 
565, 0.4715, , 
566, 0.4805, , 
567, 0.4915, , 
568, 0.5055, , 
569, 0.52, , 
570, 0.536, , 
571, 0.554, , 
572, 0.5745, , 
573, 0.595, , 
574, 0.618, , 
575, 0.643, , 
576, 0.6675, , 
577, 0.6935, , 
578, 0.722, , 
579, 0.75, , 
580, 0.7775, , 
581, 0.806, , 
582, 0.8335, , 
583, 0.8605, , 
584, 0.885, , 
585, 0.9105, , 
586, 0.932, , 
587, 0.951, , 
588, 0.9675, , 
589, 0.981, , 
590, 0.991, , 
591, 0.9965, , 
592, 0.9985, , 
593, 0.996, , 
594, 0.989, , 
595, 0.9775, , 
596, 0.963, , 
597, 0.9435, , 
598, 0.919, , 
599, 0.893, , 
600, 0.8635, , 
601, 0.8295, , 
602, 0.7945, , 
603, 0.759, , 
604, 0.7195, , 
605, 0.68, , 
606, 0.64, , 
607, 0.601, , 
608, 0.561, , 
609, 0.522, , 
610, 0.4855, , 
611, 0.449, , 
612, 0.4135, , 
613, 0.381, , 
614, 0.3495, , 
615, 0.3195, , 
616, 0.292, , 
617, 0.267, , 
618, 0.243, , 
619, 0.2205, , 
620, 0.201, , 
621, 0.1825, , 
622, 0.164, , 
623, 0.1485, , 
624, 0.1345, , 
625, 0.121, , 
626, 0.109, , 
627, 0.0985, , 
628, 0.089, , 
629, 0.0785, , 
630, 0.071, , 
631, 0.0635, , 
632, 0.057, , 
633, 0.05, , 
634, 0.0455, , 
635, 0.041, , 
636, 0.036, , 
637, 0.032, , 
638, 0.029, , 
639, 0.025, , 
640, 0.0225, , 
641, 0.0205, , 
642, 0.0185, , 
643, 0.016, , 
644, 0.0135, , 
645, 0.013, , 
646, 0.0115, , 
647, 0.01, , 
648, 0.01, , 
649, 0.0085, , 
650, 0.007, , 
651, 0.007, , 
652, 0.007, , 
653, 0.0055, , 
654, 0.0045, , 
655, 0.005, , 
656, 0.0045, , 
657, 0.0035, , 
658, 0.0035, , 
659, 0.0035, , 
660, 0.003, , 
