# ATTO Rho3B
# Data source: http://www.atto-tec.com/uploads/media/Katalog.pdf
Q0 0.5
extcoeffv 120000
tauf 1500

# ex-wav, exc-val, fluor-wav, fluor-val
200, 0.3749, 500, 0.00013434
201, 0.36655, 501, 0.00011875
202, 0.35775, 502, 0.00015752
203, 0.3506, 503, 0.00016906
204, 0.34295, 504, 0.00012187
205, 0.33505, 505, 0.00013785
206, 0.3299, 506, 0.00013958
207, 0.323, 507, 0.00017444
208, 0.3166, 508, 0.00016624
209, 0.3102, 509, 0.00017397
210, 0.30215, 510, 0.00013236
211, 0.29525, 511, 0.00015479
212, 0.2878, 512, 0.00013637
213, 0.281, 513, 0.00012952
214, 0.2746, 514, 0.00017283
215, 0.27, 515, 0.00016169
216, 0.26525, 516, 0.00015802
217, 0.26205, 517, 0.00016163
218, 0.2597, 518, 0.00016974
219, 0.25745, 519, 0.00014469
220, 0.25555, 520, 0.00021146
221, 0.2549, 521, 0.00017864
222, 0.2535, 522, 0.00021264
223, 0.2527, 523, 0.00025613
224, 0.25185, 524, 0.00021412
225, 0.25085, 525, 0.00028433
226, 0.24875, 526, 0.00027192
227, 0.2451, 527, 0.00030425
228, 0.24065, 528, 0.0003665
229, 0.23565, 529, 0.00035266
230, 0.23075, 530, 0.00040964
231, 0.2261, 531, 0.00047364
232, 0.2219, 532, 0.00052579
233, 0.21885, 533, 0.00055474
234, 0.2162, 534, 0.00062252
235, 0.2138, 535, 0.00074435
236, 0.21195, 536, 0.00081396
237, 0.2097, 537, 0.00087609
238, 0.20705, 538, 0.00109077
239, 0.20425, 539, 0.00135775
240, 0.1999, 540, 0.00150965
241, 0.19505, 541, 0.00175241
242, 0.19035, 542, 0.00210044
243, 0.18655, 543, 0.00275385
244, 0.1841, 544, 0.00303822
245, 0.1843, 545, 0.0037283
246, 0.1865, 546, 0.00449443
247, 0.1906, 547, 0.00555271
248, 0.19675, 548, 0.00671202
249, 0.2048, 549, 0.0081883
250, 0.214, 550, 0.00979145
251, 0.22475, 551, 0.01201238
252, 0.2352, 552, 0.01433532
253, 0.24515, 553, 0.01754479
254, 0.25435, 554, 0.02140308
255, 0.26185, 555, 0.03007561
256, 0.26845, 556, 0.04515749
257, 0.2737, 557, 0.06068626
258, 0.27775, 558, 0.06776775
259, 0.2809, 559, 0.06575575
260, 0.2831, 560, 0.0641097
261, 0.2836, 561, 0.0686512
262, 0.2824, 562, 0.07967148
263, 0.2787, 563, 0.09300411
264, 0.27185, 564, 0.10759249
265, 0.26185, 565, 0.12548475
266, 0.2491, 566, 0.1457845
267, 0.2345, 567, 0.16856749
268, 0.2181, 568, 0.19520654
269, 0.2019, 569, 0.22297675
270, 0.18705, 570, 0.2525039
271, 0.17365, 571, 0.28654572
272, 0.16255, 572, 0.32237139
273, 0.15355, 573, 0.36211979
274, 0.14695, 574, 0.40113942
275, 0.14225, 575, 0.44571588
276, 0.13925, 576, 0.49016313
277, 0.1372, 577, 0.53751008
278, 0.13595, 578, 0.58592469
279, 0.13565, 579, 0.63456839
280, 0.1356, 580, 0.68184172
281, 0.136, 581, 0.72436902
282, 0.13635, 582, 0.77003962
283, 0.1366, 583, 0.806649
284, 0.13685, 584, 0.84734788
285, 0.13695, 585, 0.87909729
286, 0.1366, 586, 0.90824305
287, 0.13665, 587, 0.93909783
288, 0.136, 588, 0.96008906
289, 0.13535, 589, 0.97898979
290, 0.1346, 590, 0.99152918
291, 0.1342, 591, 0.99617078
292, 0.1333, 592, 0.99904311
293, 0.13295, 593, 1
294, 0.13285, 594, 0.9897848
295, 0.13255, 595, 0.97873542
296, 0.1326, 596, 0.96607615
297, 0.13295, 597, 0.94612046
298, 0.13335, 598, 0.92655094
299, 0.13405, 599, 0.90625837
300, 0.13465, 600, 0.88456787
301, 0.13565, 601, 0.86116427
302, 0.13605, 602, 0.84222318
303, 0.1368, 603, 0.8160836
304, 0.1377, 604, 0.79123235
305, 0.13855, 605, 0.76733977
306, 0.1389, 606, 0.74339768
307, 0.13935, 607, 0.71804313
308, 0.1392, 608, 0.69246488
309, 0.1377, 609, 0.66982173
310, 0.13615, 610, 0.6439038
311, 0.13315, 611, 0.61775285
312, 0.12865, 612, 0.59674045
313, 0.12295, 613, 0.57418283
314, 0.11615, 614, 0.55066191
315, 0.1084, 615, 0.53128213
316, 0.09985, 616, 0.51232142
317, 0.0913, 617, 0.49422689
318, 0.0828, 618, 0.47515537
319, 0.0744, 619, 0.46145976
320, 0.06645, 620, 0.44664889
321, 0.0592, 621, 0.4307861
322, 0.05305, 622, 0.41902354
323, 0.04765, 623, 0.40809155
324, 0.04255, 624, 0.39433084
325, 0.0384, 625, 0.38546105
326, 0.03485, 626, 0.37523491
327, 0.03205, 627, 0.36473015
328, 0.0298, 628, 0.35755776
329, 0.0283, 629, 0.35216119
330, 0.02695, 630, 0.3451821
331, 0.0264, 631, 0.33984038
332, 0.0262, 632, 0.33633844
333, 0.02645, 633, 0.33158591
334, 0.02715, 634, 0.32851496
335, 0.02825, 635, 0.32312086
336, 0.02925, 636, 0.31798705
337, 0.03095, 637, 0.31543254
338, 0.03235, 638, 0.30875731
339, 0.03405, 639, 0.30527571
340, 0.03555, 640, 0.30144523
341, 0.0372, 641, 0.29607464
342, 0.0384, 642, 0.29185501
343, 0.0401, 643, 0.29037688
344, 0.04145, 644, 0.28236111
345, 0.04315, 645, 0.27888115
346, 0.04475, 646, 0.2740219
347, 0.04715, 647, 0.26982432
348, 0.0493, 648, 0.26551639
349, 0.05165, 649, 0.26002733
350, 0.0542, 650, 0.25548004
351, 0.057, 651, 0.24822545
352, 0.0595, 652, 0.24345544
353, 0.06225, 653, 0.23627356
354, 0.0641, 654, 0.23065965
355, 0.0658, 655, 0.22426965
356, 0.06665, 656, 0.21782866
357, 0.0666, 657, 0.21034358
358, 0.0665, 658, 0.208353
359, 0.06515, 659, 0.20012725
360, 0.06335, 660, 0.19630486
361, 0.06105, 661, 0.18776989
362, 0.05835, 662, 0.18302574
363, 0.05565, 663, 0.17884498
364, 0.05205, 664, 0.16972636
365, 0.0485, 665, 0.1650537
366, 0.04485, 666, 0.15749537
367, 0.04185, 667, 0.15227357
368, 0.0383, 668, 0.15027518
369, 0.03535, 669, 0.14378044
370, 0.0323, 670, 0.13841295
371, 0.02995, 671, 0.1348467
372, 0.02785, 672, 0.13056305
373, 0.0256, 673, 0.12404015
374, 0.02385, 674, 0.12280865
375, 0.0232, 675, 0.11644132
376, 0.02215, 676, 0.11327928
377, 0.02135, 677, 0.10997781
378, 0.0203, 678, 0.10636479
379, 0.0205, 679, 0.10571576
380, 0.01965, 680, 0.10021552
381, 0.01975, 681, 0.09651588
382, 0.01985, 682, 0.09398639
383, 0.01995, 683, 0.09015637
384, 0.0199, 684, 0.08669268
385, 0.0201, 685, 0.08369345
386, 0.0206, 686, 0.0797118
387, 0.02115, 687, 0.07769233
388, 0.0211, 688, 0.07430516
389, 0.02165, 689, 0.07410661
390, 0.0221, 690, 0.07259765
391, 0.02275, 691, 0.06950172
392, 0.02295, 692, 0.06693516
393, 0.02425, 693, 0.06745905
394, 0.02425, 694, 0.06571018
395, 0.02525, 695, 0.06391011
396, 0.02595, 696, 0.06203136
397, 0.02645, 697, 0.06100404
398, 0.027, 698, 0.05860878
399, 0.02785, 699, 0.05885643
400, 0.02855, 700, 0.05693736
401, 0.02875, 701, 0.05691541
402, 0.0291, 702, 0.0543188
403, 0.02935, 703, 0.05324836
404, 0.0299, 704, 0.05240739
405, 0.02975, 705, 0.05243981
406, 0.0299, 706, 0.04911191
407, 0.03005, 707, 0.04795053
408, 0.02975, 708, 0.04572417
409, 0.02945, 709, 0.04556939
410, 0.0293, 710, 0.04429264
411, 0.0289, 711, 0.04328556
412, 0.02875, 712, 0.044169
413, 0.0285, 713, 0.04146361
414, 0.028, 714, 0.04154452
415, 0.02755, 715, 0.04025323
416, 0.0274, 716, 0.03969734
417, 0.0272, 717, 0.03940814
418, 0.02705, 718, 0.03776631
419, 0.02685, 719, 0.03745455
420, 0.02675, 720, 0.03556842
421, 0.02655, 721, 0.03580284
422, 0.0267, 722, 0.03451802
423, 0.0266, 723, 0.03464053
424, 0.0264, 724, 0.03298904
425, 0.0262, 725, 0.03163549
426, 0.02615, 726, 0.0310886
427, 0.0259, 727, 0.03028276
428, 0.02585, 728, 0.02910589
429, 0.02535, 729, 0.02727202
430, 0.025, 730, 0.02828276
431, 0.0248, 731, 0.02626809
432, 0.0242, 732, 0.02653255
433, 0.0234, 733, 0.02562258
434, 0.02275, 734, 0.02506979
435, 0.0224, 735, 0.02400157
436, 0.02155, 736, 0.02383927
437, 0.02065, 737, 0.02157943
438, 0.01995, 738, 0.0224553
439, 0.0192, 739, 0.02187429
440, 0.01835, 740, 0.02245402
441, 0.01745, 741, 0.02016401
442, 0.01655, 742, 0.01948452
443, 0.016, 743, 0.01937902
444, 0.0155, 744, 0.01909247
445, 0.01465, 745, 0.01875136
446, 0.0141, 746, 0.01793871
447, 0.0134, 747, 0.01756274
448, 0.01305, 748, 0.0159513
449, 0.0126, 749, 0.01674637
450, 0.0125, 750, 0.01588929
451, 0.01225, 751, 0.01487723
452, 0.0121, 752, 0.01471289
453, 0.0121, 753, 0.01374619
454, 0.0124, 754, 0.01418397
455, 0.0122, 755, 0.01319809
456, 0.0127, 756, 0.01391433
457, 0.0129, 757, 0.01295508
458, 0.01335, 758, 0.01256496
459, 0.01355, 759, 0.01352315
460, 0.01405, 760, 0.0115622
461, 0.0144, 761, 0.01281189
462, 0.01525, 762, 0.01225189
463, 0.016, 763, 0.01227949
464, 0.01685, 764, 0.01159901
465, 0.01785, 765, 0.00991209
466, 0.01865, 766, 0.01181528
467, 0.01985, 767, 0.0104828
468, 0.02115, 768, 0.01064524
469, 0.02235, 769, 0.01048174
470, 0.02385, 770, 0.01042901
471, 0.0252, 771, 0.00965398
472, 0.027, 772, 0.01089254
473, 0.0286, 773, 0.00968197
474, 0.03065, 774, 0.01037265
475, 0.03275, 775, 0.00908129
476, 0.0351, 776, 0.00841968
477, 0.0376, 777, 0.00902558
478, 0.03985, 778, 0.00886189
479, 0.0423, 779, 0.00835957
480, 0.04525, 780, 0.00722626
481, 0.0479, 781, 0.00801604
482, 0.05075, 782, 0.00840292
483, 0.05365, 783, 0.00893965
484, 0.05685, 784, 0.00896547
485, 0.05955, 785, 0.00779989
486, 0.0625, 786, 0.00762898
487, 0.0655, 787, 0.00784285
488, 0.06855, 788, 0.00821806
489, 0.07145, 789, 0.00851543
490, 0.07435, 790, 0.00844776
491, 0.0772, 791, 0.00820161
492, 0.0802, 792, 0.00765128
493, 0.08335, 793, 0.00799998
494, 0.08625, 794, 0.00724576
495, 0.0895, 795, 0.00737609
496, 0.0928, 796, 0.00798135
497, 0.09615, 797, 0.00862248
498, 0.1002, 798, 0.00786256
499, 0.1048, 799, 0.00716461
500, 0.10925, 800, 0.00829583
501, 0.11435, , 
502, 0.1202, , 
503, 0.1266, , 
504, 0.1338, , 
505, 0.14155, , 
506, 0.1501, , 
507, 0.1593, , 
508, 0.1693, , 
509, 0.1799, , 
510, 0.19145, , 
511, 0.20355, , 
512, 0.21625, , 
513, 0.22955, , 
514, 0.24315, , 
515, 0.25705, , 
516, 0.2708, , 
517, 0.28435, , 
518, 0.2982, , 
519, 0.31135, , 
520, 0.32455, , 
521, 0.3368, , 
522, 0.34845, , 
523, 0.3596, , 
524, 0.3695, , 
525, 0.37875, , 
526, 0.38655, , 
527, 0.39365, , 
528, 0.39965, , 
529, 0.4048, , 
530, 0.4086, , 
531, 0.4114, , 
532, 0.41335, , 
533, 0.4145, , 
534, 0.41495, , 
535, 0.4152, , 
536, 0.4156, , 
537, 0.4159, , 
538, 0.4173, , 
539, 0.4201, , 
540, 0.42415, , 
541, 0.4305, , 
542, 0.4386, , 
543, 0.4492, , 
544, 0.4626, , 
545, 0.47855, , 
546, 0.4968, , 
547, 0.5176, , 
548, 0.54105, , 
549, 0.56675, , 
550, 0.5948, , 
551, 0.62495, , 
552, 0.65685, , 
553, 0.69045, , 
554, 0.72525, , 
555, 0.76045, , 
556, 0.7954, , 
557, 0.82955, , 
558, 0.86285, , 
559, 0.89415, , 
560, 0.9228, , 
561, 0.94775, , 
562, 0.96895, , 
563, 0.9854, , 
564, 0.99545, , 
565, 0.99985, , 
566, 0.99745, , 
567, 0.9889, , 
568, 0.97345, , 
569, 0.952, , 
570, 0.9242, , 
571, 0.8911, , 
572, 0.85315, , 
573, 0.8107, , 
574, 0.76515, , 
575, 0.718, , 
576, 0.66965, , 
577, 0.62085, , 
578, 0.57215, , 
579, 0.52425, , 
580, 0.4781, , 
581, 0.43365, , 
582, 0.39145, , 
583, 0.35145, , 
584, 0.3145, , 
585, 0.2805, , 
586, 0.2496, , 
587, 0.22165, , 
588, 0.1961, , 
589, 0.1731, , 
590, 0.15235, , 
591, 0.134, , 
592, 0.1178, , 
593, 0.10315, , 
594, 0.0904, , 
595, 0.07915, , 
596, 0.0693, , 
597, 0.06085, , 
598, 0.05325, , 
599, 0.0468, , 
600, 0.0411, , 
601, 0.0363, , 
602, 0.03165, , 
603, 0.02805, , 
604, 0.02475, , 
605, 0.02175, , 
606, 0.0194, , 
607, 0.01705, , 
608, 0.0153, , 
609, 0.01355, , 
610, 0.0121, , 
611, 0.01065, , 
612, 0.0097, , 
613, 0.00855, , 
614, 0.0075, , 
615, 0.00695, , 
616, 0.00615, , 
617, 0.0055, , 
618, 0.00495, , 
619, 0.00435, , 
620, 0.0039, , 
621, 0.0035, , 
622, 0.00305, , 
623, 0.00275, , 
624, 0.0021, , 
625, 0.00215, , 
626, 0.0019, , 
627, 0.0017, , 
628, 0.00125, , 
629, 0.0012, , 
630, 0.0011, , 
631, 0.001, , 
632, 0.0007, , 
633, 0.0007, , 
634, 0.0006, , 
635, 0.00035, , 
636, 0.00055, , 
637, 0.0002, , 
638, 0.0002, , 
639, 0.0003, , 
640, 0.0003, , 
641, 0.0001, , 
642, 0.0001, , 
643, -0.00005, , 
644, 0.00005, , 
645, 0.00005, , 
646, -0.00005, , 
647, 0, , 
648, -0.00005, , 
649, 0, , 
650, -0.0003, , 
