# ATTO Rho14
# Data source: http://www.atto-tec.com/uploads/media/Katalog.pdf
Q0 0.8
extcoeffv 140000
tauf 3700

# ex-wav, exc-val, fluor-wav, fluor-val
200, 0.35377042, 502, 0.00009195
201, 0.36771836, 503, 0.00009594
202, 0.38121877, 504, 0.00008244
203, 0.39718058, 505, 0.00007791
204, 0.41299321, 506, 0.00006753
205, 0.42843291, 507, 0.00007593
206, 0.44126203, 508, 0.00007004
207, 0.45185351, 509, 0.0000799
208, 0.45975983, 510, 0.00008413
209, 0.46408592, 511, 0.00008267
210, 0.46520474, 512, 0.00008548
211, 0.46416051, 513, 0.00010119
212, 0.46222123, 514, 0.00009555
213, 0.45796972, 515, 0.00009989
214, 0.45386738, 516, 0.0001114
215, 0.44998881, 517, 0.00011153
216, 0.44596106, 518, 0.00010161
217, 0.44305214, 519, 0.00010305
218, 0.43939733, 520, 0.00009875
219, 0.43633923, 521, 0.00010159
220, 0.43283359, 522, 0.00010012
221, 0.42888044, 523, 0.00010159
222, 0.42403222, 524, 0.00010025
223, 0.41955695, 525, 0.00011616
224, 0.41463415, 526, 0.00011351
225, 0.41015887, 527, 0.00010943
226, 0.40702618, 528, 0.00011695
227, 0.40352055, 529, 0.00011867
228, 0.40150668, 530, 0.00010598
229, 0.39926904, 531, 0.00010199
230, 0.39807563, 532, 0.00010532
231, 0.39650929, 533, 0.00009109
232, 0.39419706, 534, 0.00008709
233, 0.39195942, 535, 0.00009196
234, 0.38830462, 536, 0.00008638
235, 0.3847244, 537, 0.00008983
236, 0.37987618, 538, 0.00009913
237, 0.37577385, 539, 0.00009486
238, 0.36921011, 540, 0.00009064
239, 0.36145297, 541, 0.0001016
240, 0.35145819, 542, 0.00010216
241, 0.33922578, 543, 0.00009497
242, 0.32587454, 544, 0.00010304
243, 0.31155367, 545, 0.00011129
244, 0.29864996, 546, 0.00010567
245, 0.28641754, 547, 0.00010008
246, 0.27575147, 548, 0.00010053
247, 0.26665175, 549, 0.00010114
248, 0.25904378, 550, 0.00009545
249, 0.25330051, 551, 0.00009117
250, 0.24889983, 552, 0.00009348
251, 0.24703513, 553, 0.00010555
252, 0.24569255, 554, 0.00009802
253, 0.24643843, 555, 0.0000954
254, 0.2478556, 556, 0.00010261
255, 0.25165958, 557, 0.00009323
256, 0.25643321, 558, 0.00008223
257, 0.262624, 559, 0.00010316
258, 0.2706795, 560, 0.00011227
259, 0.2799284, 561, 0.00011641
260, 0.29134034, 562, 0.00013422
261, 0.30342358, 563, 0.00014349
262, 0.31841575, 564, 0.00014634
263, 0.33445215, 565, 0.0001508
264, 0.35220407, 566, 0.00014995
265, 0.37092564, 567, 0.00016378
266, 0.38979637, 568, 0.00017208
267, 0.40724994, 569, 0.00017352
268, 0.42112329, 570, 0.00017465
269, 0.43164019, 571, 0.00019231
270, 0.43715969, 572, 0.00019964
271, 0.44275379, 573, 0.00024056
272, 0.44924293, 574, 0.00026288
273, 0.45893936, 575, 0.00033483
274, 0.47214142, 576, 0.00038647
275, 0.48556724, 577, 0.00043104
276, 0.49973894, 578, 0.00048248
277, 0.50764526, 579, 0.0005531
278, 0.50682479, 580, 0.00057188
279, 0.49272768, 581, 0.00061583
280, 0.46348922, 582, 0.00070166
281, 0.42268964, 583, 0.0007207
282, 0.3779369, 584, 0.00080295
283, 0.33482509, 585, 0.00089216
284, 0.29678526, 586, 0.00099797
285, 0.26530917, 587, 0.00114265
286, 0.23636906, 588, 0.00140482
287, 0.21086, 589, 0.00156724
288, 0.18535094, 590, 0.00183115
289, 0.16185575, 591, 0.00209384
290, 0.14208995, 592, 0.00240029
291, 0.12568061, 593, 0.002743
292, 0.11397031, 594, 0.0032317
293, 0.10554188, 595, 0.00374907
294, 0.10091743, 596, 0.00437484
295, 0.09763556, 597, 0.00516665
296, 0.09584545, 598, 0.00586481
297, 0.0936824, 599, 0.00683901
298, 0.09032595, 600, 0.00795344
299, 0.08555232, 601, 0.00926486
300, 0.07958529, 602, 0.01063517
301, 0.0739912, 603, 0.01226433
302, 0.06869546, 604, 0.0142276
303, 0.06489147, 605, 0.01662367
304, 0.06153502, 606, 0.01932993
305, 0.05937197, 607, 0.02266736
306, 0.0579548, 608, 0.02642724
307, 0.05616469, 609, 0.03064323
308, 0.05504587, 610, 0.03521764
309, 0.05333035, 611, 0.04034578
310, 0.05213694, 612, 0.04600986
311, 0.04997389, 613, 0.05256443
312, 0.04840755, 614, 0.05981152
313, 0.0462445, 615, 0.06786425
314, 0.04452898, 616, 0.07672151
315, 0.04303722, 617, 0.08646244
316, 0.04147087, 618, 0.0974162
317, 0.04094876, 619, 0.10950762
318, 0.03982994, 620, 0.1239972
319, 0.039457, 621, 0.14160861
320, 0.03863653, 622, 0.16196767
321, 0.03811442, 623, 0.18535987
322, 0.03774148, 624, 0.2119846
323, 0.03729395, 625, 0.23878266
324, 0.03714478, 626, 0.26512944
325, 0.03684642, 627, 0.28967587
326, 0.03707019, 628, 0.31391026
327, 0.03714478, 629, 0.33892915
328, 0.03774148, 630, 0.36756584
329, 0.03803983, 631, 0.39856009
330, 0.03915865, 632, 0.43479089
331, 0.03982994, 633, 0.4736192
332, 0.04117252, 634, 0.51289625
333, 0.04236593, 635, 0.55320774
334, 0.04355933, 636, 0.595427
335, 0.04445439, 637, 0.63759047
336, 0.04557321, 638, 0.67908064
337, 0.04609532, 639, 0.72096534
338, 0.04669203, 640, 0.76149982
339, 0.04669203, 641, 0.8005615
340, 0.04788543, 642, 0.83581758
341, 0.04796002, 643, 0.87030661
342, 0.04818378, 644, 0.90247425
343, 0.04825837, 645, 0.93043007
344, 0.04900425, 646, 0.9525856
345, 0.04967554, 647, 0.97154208
346, 0.05012307, 648, 0.98654152
347, 0.05079436, 649, 0.99623442
348, 0.05183859, 650, 1
349, 0.053032, 651, 0.99832207
350, 0.05429999, 652, 0.99210589
351, 0.0560901, 653, 0.97961548
352, 0.05713433, 654, 0.96312468
353, 0.05847692, 655, 0.9447515
354, 0.05929738, 656, 0.92535318
355, 0.06034161, 657, 0.90528891
356, 0.06049079, 658, 0.88256951
357, 0.0610129, 659, 0.85930161
358, 0.06093832, 660, 0.83266337
359, 0.06056538, 661, 0.80697528
360, 0.06004326, 662, 0.7784325
361, 0.05944656, 663, 0.75222681
362, 0.05899903, 664, 0.72384846
363, 0.0585515, 665, 0.69882385
364, 0.05802939, 666, 0.67127564
365, 0.05832774, 667, 0.64675292
366, 0.05817856, 668, 0.62100798
367, 0.0585515, 669, 0.59671842
368, 0.05952115, 670, 0.57299723
369, 0.06071455, 671, 0.55164629
370, 0.06175878, 672, 0.52992605
371, 0.06332513, 673, 0.51195505
372, 0.06429477, 674, 0.49555196
373, 0.06571194, 675, 0.47952507
374, 0.06608488, 676, 0.46418114
375, 0.06608488, 677, 0.44964782
376, 0.06481689, 678, 0.4343196
377, 0.0628776, 679, 0.42038276
378, 0.06049079, 680, 0.40762351
379, 0.05788021, 681, 0.39608829
380, 0.05444917, 682, 0.38584997
381, 0.0511673, 683, 0.37668845
382, 0.04863131, 684, 0.36674777
383, 0.0462445, 685, 0.3569394
384, 0.04393227, 686, 0.34860691
385, 0.04184381, 687, 0.34213871
386, 0.04079958, 688, 0.33529389
387, 0.03982994, 689, 0.33046515
388, 0.03878571, 690, 0.32817341
389, 0.03841277, 691, 0.32532989
390, 0.03841277, 692, 0.32314007
391, 0.03833818, 693, 0.32143154
392, 0.03841277, 694, 0.32072874
393, 0.03900947, 695, 0.31981584
394, 0.03968076, 696, 0.31947324
395, 0.0400537, 697, 0.31943139
396, 0.04087417, 698, 0.31908871
397, 0.04176923, 699, 0.3193278
398, 0.04288804, 700, 0.31920603
399, 0.04415604, 701, 0.31980577
400, 0.04527486, 702, 0.31936937
401, 0.04654285, 703, 0.32075242
402, 0.04758708, 704, 0.31939885
403, 0.04840755, 705, 0.31776138
404, 0.04982472, 706, 0.31559586
405, 0.05101812, 707, 0.31205975
406, 0.05161483, 708, 0.30794484
407, 0.05221153, 709, 0.30545837
408, 0.05265906, 710, 0.30345038
409, 0.053032, 711, 0.30184693
410, 0.05250988, 712, 0.30146506
411, 0.05236071, 713, 0.2991407
412, 0.05146565, 714, 0.29700244
413, 0.05027225, 715, 0.29288224
414, 0.04892966, 716, 0.28784936
415, 0.04781085, 717, 0.28176941
416, 0.04639367, 718, 0.27587076
417, 0.04408145, 719, 0.26941928
418, 0.04273887, 720, 0.26347653
419, 0.04072499, 721, 0.25669449
420, 0.03871112, 722, 0.25113543
421, 0.03714478, 723, 0.24529671
422, 0.03520549, 724, 0.23987889
423, 0.03363914, 725, 0.23334498
424, 0.03155068, 726, 0.22691133
425, 0.03013351, 727, 0.21958542
426, 0.02871634, 728, 0.21301503
427, 0.02692623, 729, 0.20528281
428, 0.02506154, 730, 0.19824636
429, 0.02364436, 731, 0.19118938
430, 0.02215261, 732, 0.18449477
431, 0.02058626, 733, 0.17768572
432, 0.01901991, 734, 0.17232868
433, 0.01797568, 735, 0.16662188
434, 0.01655851, 736, 0.16099239
435, 0.01514134, 737, 0.15486505
436, 0.01402253, 738, 0.14871846
437, 0.01327665, 739, 0.14305523
438, 0.01185948, 740, 0.13778766
439, 0.01118819, 741, 0.13408729
440, 0.01066607, 742, 0.13045419
441, 0.00977102, 743, 0.12692854
442, 0.00902514, 744, 0.12115303
443, 0.00850302, 745, 0.11713704
444, 0.00805549, 746, 0.11242209
445, 0.00730961, 747, 0.10904245
446, 0.00693667, 748, 0.10490767
447, 0.00693667, 749, 0.10203558
448, 0.00641456, 750, 0.09831508
449, 0.00604162, 751, 0.09424267
450, 0.00574327, 752, 0.09043301
451, 0.0055195, 753, 0.08815972
452, 0.00537033, 754, 0.08512987
453, 0.00507198, 755, 0.08238739
454, 0.00514657, 756, 0.08086898
455, 0.00484821, 757, 0.07830324
456, 0.00440069, 758, 0.07542887
457, 0.00454986, 759, 0.07383958
458, 0.0043261, 760, 0.07328439
459, 0.00440069, 761, 0.0710349
460, 0.00350563, 762, 0.06847886
461, 0.00410233, 763, 0.06639304
462, 0.00410233, 764, 0.06461929
463, 0.0037294, 765, 0.0621148
464, 0.00358022, 766, 0.06027852
465, 0.00395316, 767, 0.05956168
466, 0.00380398, 768, 0.05968876
467, 0.00335646, 769, 0.05743775
468, 0.00380398, 770, 0.05679773
469, 0.00380398, 771, 0.05637232
470, 0.00380398, 772, 0.05555373
471, 0.00387857, 773, 0.05341776
472, 0.00410233, 774, 0.05363635
473, 0.0043261, 775, 0.05237925
474, 0.00417692, 776, 0.05063997
475, 0.0043261, 777, 0.0487512
476, 0.0049228, 778, 0.04796282
477, 0.00507198, 779, 0.04666688
478, 0.00522115, 780, 0.04595296
479, 0.00566868, 781, 0.04593526
480, 0.0061908, 782, 0.04497346
481, 0.00604162, 783, 0.04497784
482, 0.0067875, 784, 0.04426774
483, 0.00730961, 785, 0.04294273
484, 0.00783173, 786, 0.04200988
485, 0.00783173, 787, 0.04215765
486, 0.00850302, 788, 0.04102653
487, 0.00939808, 789, 0.04052687
488, 0.00947266, 790, 0.04006701
489, 0.01006937, 791, 0.03932342
490, 0.01066607, 792, 0.03859661
491, 0.01118819, 793, 0.03768327
492, 0.01118819, 794, 0.03724905
493, 0.01223242, 795, 0.03674877
494, 0.01290371, 796, 0.03632856
495, 0.01312747, 797, 0.03576144
496, 0.01364959, 798, 0.03593394
497, 0.0147684, ,  
498, 0.0154397, , 
499, 0.01551428, , 
500, 0.01655851, , 
501, 0.01737898, , 
502, 0.01805027, , 
503, 0.01887074, , 
504, 0.01991497, , 
505, 0.02088461, , 
506, 0.02170508, , 
507, 0.02312225, , 
508, 0.0246886, , 
509, 0.02595659, , 
510, 0.02692623, , 
511, 0.02894011, , 
512, 0.0308048, , 
513, 0.03244574, , 
514, 0.03431043, , 
515, 0.03662266, , 
516, 0.03863653, , 
517, 0.04072499, , 
518, 0.04326098, , 
519, 0.04579697, , 
520, 0.04803461, , 
521, 0.05027225, , 
522, 0.05333035, , 
523, 0.05579175, , 
524, 0.05825315, , 
525, 0.06086373, , 
526, 0.0634743, , 
527, 0.06563735, , 
528, 0.06802417, , 
529, 0.07070933, , 
530, 0.07287238, , 
531, 0.07443873, , 
532, 0.07675095, , 
533, 0.07876482, , 
534, 0.08070411, , 
535, 0.08234504, , 
536, 0.08458268, , 
537, 0.08644738, , 
538, 0.08838666, , 
539, 0.09054971, , 
540, 0.09330947, , 
541, 0.09592004, , 
542, 0.09838144, , 
543, 0.10196166, , 
544, 0.10524353, , 
545, 0.10904751, , 
546, 0.11329902, , 
547, 0.11807265, , 
548, 0.12321921, , 
549, 0.12814202, , 
550, 0.13478034, , 
551, 0.14126949, , 
552, 0.14813157, , 
553, 0.15559036, , 
554, 0.16394421, , 
555, 0.17244723, , 
556, 0.18117401, , 
557, 0.19116879, , 
558, 0.20123816, , 
559, 0.21182964, , 
560, 0.22227195, , 
561, 0.23375848, , 
562, 0.24502126, , 
563, 0.25673156, , 
564, 0.26799433, , 
565, 0.27888416, , 
566, 0.29007235, , 
567, 0.30066383, , 
568, 0.31006191, , 
569, 0.31945998, , 
570, 0.32766465, , 
571, 0.33504885, , 
572, 0.34079212, , 
573, 0.34631163, , 
574, 0.35011561, , 
575, 0.35242784, , 
576, 0.35414336, , 
577, 0.35496382, , 
578, 0.35459089, , 
579, 0.35287536, , 
580, 0.35145819, , 
581, 0.34944432, , 
582, 0.34668457, , 
583, 0.34429775, , 
584, 0.34220929, , 
585, 0.34004624, , 
586, 0.33810696, , 
587, 0.33780861, , 
588, 0.33818155, , 
589, 0.33915119, , 
590, 0.34123965, , 
591, 0.3452674, , 
592, 0.3501902, , 
593, 0.35585888, , 
594, 0.36391437, , 
595, 0.37316327, , 
596, 0.38353099, , 
597, 0.39539047, , 
598, 0.40904005, , 
599, 0.42440516, , 
600, 0.43969568, , 
601, 0.45752219, , 
602, 0.47698963, , 
603, 0.49735213, , 
604, 0.51838592, , 
605, 0.54203028, , 
606, 0.56604759, , 
607, 0.59140747, , 
608, 0.61818453, , 
609, 0.64660252, , 
610, 0.67539345, , 
611, 0.70403521, , 
612, 0.73521295, , 
613, 0.76586858, , 
614, 0.79622585, , 
615, 0.82621019, , 
616, 0.85597076, , 
617, 0.8840904, , 
618, 0.90989781, , 
619, 0.93481017, , 
620, 0.95532185, , 
621, 0.97337212, , 
622, 0.98590289, , 
623, 0.99612143, , 
624, 1, , 
625, 0.99701648, , 
626, 0.99142239, , 
627, 0.9790408, , 
628, 0.960543, , 
629, 0.93645111, , 
630, 0.90900276, , 
631, 0.87506526, , 
632, 0.83754755, , 
633, 0.79667338, , 
634, 0.75333781, , 
635, 0.70843589, , 
636, 0.6609234, , 
637, 0.61445514, , 
638, 0.56686805, , 
639, 0.52025062, , 
640, 0.47505035, , 
641, 0.43178936, , 
642, 0.39091519, , 
643, 0.35145819, , 
644, 0.31535765, , 
645, 0.28171851, , 
646, 0.25054076, , 
647, 0.2219736, , 
648, 0.19631536, , 
649, 0.17289476, , 
650, 0.15156262, , 
651, 0.13276647, , 
652, 0.1165063, , 
653, 0.10151413, , 
654, 0.0881629, , 
655, 0.07697471, , 
656, 0.06697994, , 
657, 0.05788021, , 
658, 0.05019766, , 
659, 0.04393227, , 
660, 0.03789065, , 
661, 0.03237115, , 
662, 0.02856717, , 
663, 0.02453942, , 
664, 0.02103379, , 
665, 0.01834862, , 
666, 0.01573805, , 
667, 0.013575, , 
668, 0.01163571, , 
669, 0.01014395, , 
670, 0.00880137, , 
671, 0.00768255, , 
672, 0.00641456, , 
673, 0.00574327, , 
674, 0.00499739, , 
675, 0.00402775, , 
676, 0.00365481, , 
677, 0.00313269, , 
678, 0.00275975, , 
679, 0.00193929, , 
680, 0.00193929, , 
681, 0.00179011, , 
682, 0.00134258, , 
683, 0.00104423, , 
684, 0.00104423, , 
685, 0.00089505, , 
686, 0.00052212, , 
687, 0.00052212, , 
688, 0.00052212, , 
689, 0.00022376, , 
690, 0, , 
691, -0.00022376, , 
692, 0, , 
693, 0.00029835, , 
694, -0.00029835, , 
695, -0.00037294, , 
696, 0.00007459, , 
697, 0.00007459, , 
698, 0, , 
699, -0.00007459, , 
700, 0.00014918, , 
