# ATTO Rho11
# Data source: http://www.atto-tec.com/uploads/media/Katalog.pdf
Q0 0.8
extcoeffv 120000
tauf 4000

# ex-wav, exc-val, fluor-wav, fluor-val
200, 0.3455, 548, 0.00077355
201, 0.34075, 549, 0.00122385
202, 0.333, 550, 0.00180019
203, 0.3267, 551, 0.00241425
204, 0.3211, 552, 0.00291609
205, 0.31475, 553, 0.00413857
206, 0.3078, 554, 0.00543957
207, 0.30225, 555, 0.00752481
208, 0.29735, 556, 0.00933577
209, 0.291, 557, 0.01154179
210, 0.2861, 558, 0.01419834
211, 0.28, 559, 0.01761756
212, 0.27325, 560, 0.02197023
213, 0.267, 561, 0.0271718
214, 0.26005, 562, 0.03355298
215, 0.25455, 563, 0.0407981
216, 0.2487, 564, 0.04999075
217, 0.2435, 565, 0.06072161
218, 0.24035, 566, 0.07373646
219, 0.2371, 567, 0.08803756
220, 0.23685, 568, 0.1043062
221, 0.23475, 569, 0.1213575
222, 0.2348, 570, 0.14253207
223, 0.2355, 571, 0.16632625
224, 0.2343, 572, 0.19448042
225, 0.2362, 573, 0.2227657
226, 0.2359, 574, 0.25459022
227, 0.2374, 575, 0.28966119
228, 0.2369, 576, 0.32776337
229, 0.23685, 577, 0.36730965
230, 0.2356, 578, 0.40715413
231, 0.23465, 579, 0.4501764
232, 0.23155, 580, 0.49500687
233, 0.2283, 581, 0.54140891
234, 0.2237, 582, 0.58977291
235, 0.21945, 583, 0.63743634
236, 0.21555, 584, 0.68406563
237, 0.21245, 585, 0.72925743
238, 0.2104, 586, 0.77136156
239, 0.2102, 587, 0.81129786
240, 0.20905, 588, 0.84686594
241, 0.21035, 589, 0.88099958
242, 0.21235, 590, 0.91194669
243, 0.2141, 591, 0.93314878
244, 0.2176, 592, 0.95239814
245, 0.22075, 593, 0.96811917
246, 0.22325, 594, 0.98379202
247, 0.22595, 595, 0.99344951
248, 0.2286, 596, 1
249, 0.23115, 597, 0.99422885
250, 0.23305, 598, 0.9929035
251, 0.23825, 599, 0.99478316
252, 0.24245, 600, 0.99464669
253, 0.24665, 601, 0.98957042
254, 0.25045, 602, 0.98016426
255, 0.25305, 603, 0.96588898
256, 0.2555, 604, 0.94713701
257, 0.2559, 605, 0.92628467
258, 0.2561, 606, 0.90538283
259, 0.2554, 607, 0.88292605
260, 0.2527, 608, 0.85523495
261, 0.24815, 609, 0.82765074
262, 0.24, 610, 0.80170482
263, 0.2299, 611, 0.77943101
264, 0.21655, 612, 0.75575313
265, 0.20085, 613, 0.73254321
266, 0.1836, 614, 0.70706108
267, 0.1651, 615, 0.68249159
268, 0.14765, 616, 0.65506863
269, 0.1312, 617, 0.62895539
270, 0.1175, 618, 0.60361284
271, 0.1067, 619, 0.57911418
272, 0.0985, 620, 0.55947164
273, 0.0928, 621, 0.53688689
274, 0.08825, 622, 0.51499597
275, 0.0861, 623, 0.49246954
276, 0.08585, 624, 0.47405832
277, 0.08705, 625, 0.46001728
278, 0.08885, 626, 0.44344342
279, 0.09105, 627, 0.42776949
280, 0.0947, 628, 0.41386487
281, 0.09715, 629, 0.40250752
282, 0.10055, 630, 0.39252663
283, 0.10395, 631, 0.38056692
284, 0.10695, 632, 0.36979133
285, 0.10945, 633, 0.35983038
286, 0.1127, 634, 0.35345271
287, 0.11475, 635, 0.34738955
288, 0.11685, 636, 0.33912
289, 0.1196, 637, 0.32983004
290, 0.12085, 638, 0.32280973
291, 0.122, 639, 0.31714914
292, 0.12365, 640, 0.3128771
293, 0.12405, 641, 0.30901804
294, 0.12465, 642, 0.30558407
295, 0.1249, 643, 0.30036062
296, 0.12505, 644, 0.29373714
297, 0.1246, 645, 0.28774778
298, 0.12285, 646, 0.28475045
299, 0.1229, 647, 0.28134623
300, 0.12135, 648, 0.27861534
301, 0.121, 649, 0.27503129
302, 0.1205, 650, 0.27332736
303, 0.12055, 651, 0.27062
304, 0.12115, 652, 0.26622566
305, 0.12, 653, 0.26104297
306, 0.12085, 654, 0.25638363
307, 0.12035, 655, 0.24993336
308, 0.12115, 656, 0.24216846
309, 0.1209, 657, 0.23660809
310, 0.1198, 658, 0.23307342
311, 0.11805, 659, 0.23036413
312, 0.1151, 660, 0.22513956
313, 0.1134, 661, 0.22181857
314, 0.10925, 662, 0.21584254
315, 0.1039, 663, 0.21133973
316, 0.0978, 664, 0.20278861
317, 0.0913, 665, 0.19997092
318, 0.0836, 666, 0.19401558
319, 0.0756, 667, 0.19114345
320, 0.0685, 668, 0.18580107
321, 0.061, 669, 0.182143
322, 0.05505, 670, 0.17568163
323, 0.0488, 671, 0.16950512
324, 0.04315, 672, 0.16526411
325, 0.0389, 673, 0.16067523
326, 0.0352, 674, 0.1564778
327, 0.0308, 675, 0.15117479
328, 0.02805, 676, 0.14924707
329, 0.0254, 677, 0.14553763
330, 0.0234, 678, 0.14153403
331, 0.02115, 679, 0.13501116
332, 0.02085, 680, 0.13140024
333, 0.01975, 681, 0.12537512
334, 0.0184, 682, 0.12293167
335, 0.0184, 683, 0.11834726
336, 0.01845, 684, 0.11615079
337, 0.0183, 685, 0.11291508
338, 0.01855, 686, 0.10890564
339, 0.01945, 687, 0.10416529
340, 0.02035, 688, 0.0988042
341, 0.02135, 689, 0.09644316
342, 0.02275, 690, 0.09379072
343, 0.02365, 691, 0.09137007
344, 0.0255, 692, 0.08704078
345, 0.0267, 693, 0.08513808
346, 0.02945, 694, 0.08386994
347, 0.03135, 695, 0.08279233
348, 0.03195, 696, 0.08094136
349, 0.03355, 697, 0.07761006
350, 0.0357, 698, 0.07514071
351, 0.0362, 699, 0.07328666
352, 0.03725, 700, 0.07167575
353, 0.0391, 701, 0.07106584
354, 0.03995, 702, 0.06879524
355, 0.0406, 703, 0.06732938
356, 0.04255, 704, 0.06480027
357, 0.04375, 705, 0.06275936
358, 0.04525, 706, 0.06081043
359, 0.04765, 707, 0.0585447
360, 0.04985, 708, 0.05838587
361, 0.05155, 709, 0.05861783
362, 0.0536, 710, 0.05879051
363, 0.05665, 711, 0.05705237
364, 0.05925, 712, 0.05585841
365, 0.06065, 713, 0.05474036
366, 0.0628, 714, 0.05522591
367, 0.0642, 715, 0.05443367
368, 0.06475, 716, 0.05321265
369, 0.0649, 717, 0.05159678
370, 0.0644, 718, 0.05202618
371, 0.0627, 719, 0.05145808
372, 0.0615, 720, 0.05077443
373, 0.0587, 721, 0.04812999
374, 0.057, 722, 0.04720123
375, 0.05445, 723, 0.04762556
376, 0.0515, 724, 0.04767
377, 0.04935, 725, 0.04790846
378, 0.04605, 726, 0.0477653
379, 0.04265, 727, 0.0469069
380, 0.0391, 728, 0.04530377
381, 0.037, 729, 0.04336863
382, 0.0346, 730, 0.04436596
383, 0.03225, 731, 0.04531737
384, 0.0307, 732, 0.04617618
385, 0.02915, 733, 0.04483436
386, 0.0274, 734, 0.04448642
387, 0.0258, 735, 0.04505352
388, 0.02525, 736, 0.04486914
389, 0.02405, 737, 0.0441633
390, 0.02325, 738, 0.041336
391, 0.0232, 739, 0.04037734
392, 0.0222, 740, 0.03958657
393, 0.02205, 741, 0.04072507
394, 0.0216, 742, 0.04335718
395, 0.02235, 743, 0.04450982
396, 0.0219, 744, 0.04489563
397, 0.0219, 745, 0.04334093
398, 0.02245, 746, 0.04251167
399, 0.02265, 747, 0.04189053
400, 0.02235, ,  
401, 0.0223, , 
402, 0.0226, , 
403, 0.0224, , 
404, 0.0224, , 
405, 0.02225, , 
406, 0.02185, , 
407, 0.02135, , 
408, 0.02135, , 
409, 0.02155, , 
410, 0.0212, , 
411, 0.02035, , 
412, 0.0198, , 
413, 0.02025, , 
414, 0.01965, , 
415, 0.01945, , 
416, 0.0193, , 
417, 0.0189, , 
418, 0.0184, , 
419, 0.0185, , 
420, 0.0183, , 
421, 0.01775, , 
422, 0.01795, , 
423, 0.0178, , 
424, 0.01745, , 
425, 0.01725, , 
426, 0.0176, , 
427, 0.0168, , 
428, 0.0162, , 
429, 0.0163, , 
430, 0.0162, , 
431, 0.01545, , 
432, 0.0148, , 
433, 0.01445, , 
434, 0.01355, , 
435, 0.0127, , 
436, 0.01265, , 
437, 0.012, , 
438, 0.01155, , 
439, 0.01025, , 
440, 0.0105, , 
441, 0.00995, , 
442, 0.00945, , 
443, 0.00935, , 
444, 0.009, , 
445, 0.00815, , 
446, 0.0081, , 
447, 0.0081, , 
448, 0.00765, , 
449, 0.007, , 
450, 0.00705, , 
451, 0.00755, , 
452, 0.00745, , 
453, 0.00785, , 
454, 0.00795, , 
455, 0.00805, , 
456, 0.00855, , 
457, 0.0091, , 
458, 0.0094, , 
459, 0.0094, , 
460, 0.0097, , 
461, 0.0106, , 
462, 0.0105, , 
463, 0.01115, , 
464, 0.0115, , 
465, 0.01215, , 
466, 0.01245, , 
467, 0.01325, , 
468, 0.01425, , 
469, 0.01485, , 
470, 0.01585, , 
471, 0.0169, , 
472, 0.01785, , 
473, 0.01895, , 
474, 0.02065, , 
475, 0.02185, , 
476, 0.023, , 
477, 0.02475, , 
478, 0.02655, , 
479, 0.02825, , 
480, 0.02995, , 
481, 0.03225, , 
482, 0.0347, , 
483, 0.03625, , 
484, 0.03845, , 
485, 0.0412, , 
486, 0.04315, , 
487, 0.04515, , 
488, 0.04745, , 
489, 0.04985, , 
490, 0.0515, , 
491, 0.05375, , 
492, 0.05615, , 
493, 0.05795, , 
494, 0.05995, , 
495, 0.062, , 
496, 0.0642, , 
497, 0.06635, , 
498, 0.0691, , 
499, 0.0716, , 
500, 0.0744, , 
501, 0.07725, , 
502, 0.0811, , 
503, 0.0851, , 
504, 0.08915, , 
505, 0.0943, , 
506, 0.10025, , 
507, 0.10625, , 
508, 0.1128, , 
509, 0.12005, , 
510, 0.128, , 
511, 0.1364, , 
512, 0.146, , 
513, 0.1561, , 
514, 0.166, , 
515, 0.177, , 
516, 0.18845, , 
517, 0.1994, , 
518, 0.2104, , 
519, 0.22215, , 
520, 0.23295, , 
521, 0.2433, , 
522, 0.25375, , 
523, 0.26315, , 
524, 0.2715, , 
525, 0.27865, , 
526, 0.2857, , 
527, 0.291, , 
528, 0.29455, , 
529, 0.29775, , 
530, 0.30045, , 
531, 0.30155, , 
532, 0.30175, , 
533, 0.3027, , 
534, 0.30225, , 
535, 0.302, , 
536, 0.30235, , 
537, 0.3029, , 
538, 0.30385, , 
539, 0.3062, , 
540, 0.31, , 
541, 0.31525, , 
542, 0.3214, , 
543, 0.32985, , 
544, 0.3404, , 
545, 0.35245, , 
546, 0.3668, , 
547, 0.38405, , 
548, 0.4034, , 
549, 0.4247, , 
550, 0.44885, , 
551, 0.4752, , 
552, 0.50405, , 
553, 0.5351, , 
554, 0.5688, , 
555, 0.6032, , 
556, 0.63905, , 
557, 0.6772, , 
558, 0.7153, , 
559, 0.75375, , 
560, 0.7915, , 
561, 0.8289, , 
562, 0.8643, , 
563, 0.8974, , 
564, 0.9266, , 
565, 0.9525, , 
566, 0.9732, , 
567, 0.9873, , 
568, 0.99675, , 
569, 0.9998, , 
570, 0.9955, , 
571, 0.98435, , 
572, 0.9673, , 
573, 0.9432, , 
574, 0.91265, , 
575, 0.87795, , 
576, 0.8385, , 
577, 0.79475, , 
578, 0.7484, , 
579, 0.7007, , 
580, 0.651, , 
581, 0.6003, , 
582, 0.55065, , 
583, 0.50285, , 
584, 0.4558, , 
585, 0.41165, , 
586, 0.3702, , 
587, 0.3307, , 
588, 0.29395, , 
589, 0.2611, , 
590, 0.23115, , 
591, 0.20255, , 
592, 0.17735, , 
593, 0.15545, , 
594, 0.13515, , 
595, 0.1176, , 
596, 0.102, , 
597, 0.08845, , 
598, 0.0758, , 
599, 0.0655, , 
600, 0.0567, , 
601, 0.04855, , 
602, 0.04125, , 
603, 0.0357, , 
604, 0.0308, , 
605, 0.02595, , 
606, 0.02225, , 
607, 0.01945, , 
608, 0.01615, , 
609, 0.0136, , 
610, 0.0121, , 
611, 0.01005, , 
612, 0.00865, , 
613, 0.0076, , 
614, 0.00675, , 
615, 0.00545, , 
616, 0.00465, , 
617, 0.0044, , 
618, 0.0037, , 
619, 0.00265, , 
620, 0.0029, , 
621, 0.00265, , 
622, 0.00175, , 
623, 0.0016, , 
624, 0.0018, , 
625, 0.0017, , 
626, 0.00115, , 
627, 0.0013, , 
628, 0.00135, , 
629, 0.0009, , 
630, 0.0008, , 
631, 0.00135, , 
632, 0.001, , 
633, 0.0007, , 
634, 0.00085, , 
635, 0.00085, , 
636, 0.00035, , 
637, 0.0005, , 
638, 0.00065, , 
639, 0.0007, , 
640, 0.0006, , 
641, 0.0005, , 
642, 0.00035, , 
643, 0.0002, , 
644, 0.00045, , 
645, 0.0007, , 
646, 0.0006, , 
647, 0.0004, , 
648, 0.0005, , 
649, 0.0004, , 
650, 0, , 
