# ATTO Thio12
# Data source: http://www.atto-tec.com/uploads/media/Katalog.pdf
Q0 0.15
extcoeffv 110000
tauf 2000

# ex-wav, exc-val, fluor-wav, fluor-val
200, 0.35115, 553, 0.00181455
201, 0.33575, 554, 0.00215319
202, 0.31955, 555, 0.00260075
203, 0.30575, 556, 0.00312579
204, 0.29375, 557, 0.0037044
205, 0.2817, 558, 0.00433772
206, 0.272, 559, 0.00506681
207, 0.26185, 560, 0.00602095
208, 0.2545, 561, 0.00727129
209, 0.2459, 562, 0.00894856
210, 0.23885, 563, 0.01098071
211, 0.23105, 564, 0.01351178
212, 0.2228, 565, 0.01653701
213, 0.21655, 566, 0.02017161
214, 0.20765, 567, 0.02453732
215, 0.1993, 568, 0.02995687
216, 0.19035, 569, 0.03667764
217, 0.1838, 570, 0.04457439
218, 0.1776, 571, 0.05355715
219, 0.17245, 572, 0.06374742
220, 0.16895, 573, 0.07625776
221, 0.1666, 574, 0.09121809
222, 0.16615, 575, 0.1094082
223, 0.1661, 576, 0.13064887
224, 0.1677, 577, 0.15521678
225, 0.1696, 578, 0.18170151
226, 0.1715, 579, 0.2095388
227, 0.17405, 580, 0.23753146
228, 0.1764, 581, 0.26577218
229, 0.1797, 582, 0.29362603
230, 0.18135, 583, 0.32147988
231, 0.1833, 584, 0.34984624
232, 0.1856, 585, 0.38006571
233, 0.1863, 586, 0.41307408
234, 0.1876, 587, 0.4494183
235, 0.18715, 588, 0.48958698
236, 0.18655, 589, 0.53297514
237, 0.18455, 590, 0.57783212
238, 0.1832, 591, 0.62221079
239, 0.1812, 592, 0.66495091
240, 0.17885, 593, 0.70594075
241, 0.178, 594, 0.74338383
242, 0.1765, 595, 0.77786239
243, 0.1757, 596, 0.80986023
244, 0.17345, 597, 0.84036398
245, 0.171, 598, 0.86825929
246, 0.16735, 599, 0.89500142
247, 0.1623, 600, 0.92001782
248, 0.157, 601, 0.94267016
249, 0.15095, 602, 0.96173675
250, 0.14555, 603, 0.97749492
251, 0.1397, 604, 0.98977538
252, 0.13485, 605, 0.99690463
253, 0.1305, 606, 1
254, 0.12555, 607, 0.9989542
255, 0.1213, 608, 0.99363727
256, 0.11695, 609, 0.98360605
257, 0.11285, 610, 0.97200636
258, 0.1082, 611, 0.95867274
259, 0.105, 612, 0.94355424
260, 0.10315, 613, 0.92630308
261, 0.10175, 614, 0.90840255
262, 0.1028, 615, 0.88903356
263, 0.10505, 616, 0.8674662
264, 0.1096, 617, 0.84499998
265, 0.1154, 618, 0.82233046
266, 0.1235, 619, 0.7990247
267, 0.1325, 620, 0.77451781
268, 0.14225, 621, 0.74969405
269, 0.1542, 622, 0.72438614
270, 0.16675, 623, 0.69948113
271, 0.1816, 624, 0.67550404
272, 0.1974, 625, 0.6528069
273, 0.2159, 626, 0.63120249
274, 0.23745, 627, 0.61101773
275, 0.25965, 628, 0.59240898
276, 0.2841, 629, 0.57434502
277, 0.3085, 630, 0.55767735
278, 0.3323, 631, 0.54226203
279, 0.35385, 632, 0.52779313
280, 0.3731, 633, 0.51294257
281, 0.3903, 634, 0.49847333
282, 0.40765, 635, 0.48483511
283, 0.42895, 636, 0.47175505
284, 0.4555, 637, 0.45917011
285, 0.4877, 638, 0.4475697
286, 0.52355, 639, 0.43659994
287, 0.55765, 640, 0.4259545
288, 0.5811, 641, 0.41580535
289, 0.5862, 642, 0.40679115
290, 0.5711, 643, 0.3989732
291, 0.5361, 644, 0.39206227
292, 0.48805, 645, 0.38539847
293, 0.4339, 646, 0.37954584
294, 0.38115, 647, 0.37420239
295, 0.3339, 648, 0.36984536
296, 0.29285, 649, 0.36585227
297, 0.26035, 650, 0.3623746
298, 0.23395, 651, 0.35838454
299, 0.2137, 652, 0.35439049
300, 0.1985, 653, 0.34937709
301, 0.1872, 654, 0.3441602
302, 0.17895, 655, 0.33874824
303, 0.1734, 656, 0.33355804
304, 0.17065, 657, 0.32803017
305, 0.1692, 658, 0.32200261
306, 0.1684, 659, 0.3166622
307, 0.16825, 660, 0.31201187
308, 0.1677, 661, 0.30873537
309, 0.1674, 662, 0.30545823
310, 0.16595, 663, 0.30188368
311, 0.16535, 664, 0.29678913
312, 0.1637, 665, 0.29037161
313, 0.1626, 666, 0.28307496
314, 0.16195, 667, 0.27574486
315, 0.1619, 668, 0.26906424
316, 0.16275, 669, 0.26375566
317, 0.1635, 670, 0.25999999
318, 0.16535, 671, 0.25643729
319, 0.1662, 672, 0.25236946
320, 0.1681, 673, 0.24765835
321, 0.1673, 674, 0.24220106
322, 0.16635, 675, 0.23608199
323, 0.16395, 676, 0.22957929
324, 0.1598, 677, 0.22328659
325, 0.15375, 678, 0.21746144
326, 0.14635, 679, 0.21098623
327, 0.1379, 680, 0.20496137
328, 0.1281, 681, 0.19852987
329, 0.1169, 682, 0.19203939
330, 0.10635, 683, 0.18524017
331, 0.0957, 684, 0.17910309
332, 0.08515, 685, 0.17306282
333, 0.07645, 686, 0.1679261
334, 0.06845, 687, 0.16380848
335, 0.0607, 688, 0.16007721
336, 0.05405, 689, 0.15611919
337, 0.049, 690, 0.15138752
338, 0.04435, 691, 0.14636303
339, 0.03985, 692, 0.14169178
340, 0.03595, 693, 0.13730564
341, 0.0344, 694, 0.13424663
342, 0.0317, 695, 0.13077752
343, 0.0302, 696, 0.12872768
344, 0.02955, 697, 0.12665279
345, 0.02925, 698, 0.1254219
346, 0.0289, 699, 0.12299331
347, 0.02915, 700, 0.12063617
348, 0.02995, 701, 0.11702914
349, 0.0304, 702, 0.11283528
350, 0.03075, 703, 0.10805425
351, 0.0315, 704, 0.10422918
352, 0.03165, 705, 0.10112298
353, 0.0323, 706, 0.09818115
354, 0.03375, 707, 0.09510013
355, 0.03455, 708, 0.09218573
356, 0.03615, 709, 0.08951486
357, 0.03775, 710, 0.08732068
358, 0.0406, 711, 0.08559732
359, 0.0437, 712, 0.0843815
360, 0.04655, 713, 0.08298638
361, 0.0501, 714, 0.08153401
362, 0.0542, 715, 0.07983611
363, 0.058, 716, 0.07847506
364, 0.0607, 717, 0.07729919
365, 0.06405, 718, 0.07666594
366, 0.06625, 719, 0.07577823
367, 0.06655, 720, 0.07459316
368, 0.0667, 721, 0.0727006
369, 0.0658, 722, 0.07080566
370, 0.0635, 723, 0.06857374
371, 0.06075, 724, 0.06649316
372, 0.0578, 725, 0.06473974
373, 0.054, 726, 0.06307081
374, 0.04965, 727, 0.06091938
375, 0.04575, 728, 0.05894369
376, 0.0415, 729, 0.05705045
377, 0.03705, 730, 0.05598041
378, 0.0336, 731, 0.05479338
379, 0.02875, 732, 0.05426389
380, 0.02545, 733, 0.05357614
381, 0.0225, 734, 0.05337601
382, 0.019, 735, 0.05244943
383, 0.0168, 736, 0.05198738
384, 0.0145, 737, 0.05103872
385, 0.01235, 738, 0.05092426
386, 0.01085, 739, 0.04999256
387, 0.00975, 740, 0.04912295
388, 0.00845, 741, 0.04763765
389, 0.007, 742, 0.04692449
390, 0.0063, 743, 0.04606096
391, 0.00575, 744, 0.0456035
392, 0.005, 745, 0.04521729
393, 0.00455, 746, 0.04530326
394, 0.00455, 747, 0.04486439
395, 0.00425, 748, 0.0434809
396, 0.0035, 749, 0.0416464
397, 0.00355, 750, 0.03993628
398, 0.004, 751, 0.03854392
399, 0.0041, 752, 0.03722658
400, 0.0036, 753, 0.03593569
401, 0.00415, 754, 0.03498425
402, 0.0042, 755, 0.03380986
403, 0.0042, 756, 0.03269749
404, 0.00435, 757, 0.03191688
405, 0.00485, 758, 0.0319329
406, 0.005, 759, 0.0325201
407, 0.00505, 760, 0.03324375
408, 0.00575, 761, 0.03350145
409, 0.0059, 762, 0.03276827
410, 0.00585, 763, 0.03121745
411, 0.00635, 764, 0.02937087
412, 0.00705, 765, 0.02802019
413, 0.00715, 766, 0.02736492
414, 0.0073, 767, 0.02776768
415, 0.0082, 768, 0.02827628
416, 0.00855, 769, 0.02867154
417, 0.0085, 770, 0.02839598
418, 0.00895, 771, 0.02780421
419, 0.0096, 772, 0.02679837
420, 0.0098, 773, 0.02616573
421, 0.0102, 774, 0.02565825
422, 0.0106, 775, 0.02512407
423, 0.0108, 776, 0.02424616
424, 0.01095, 777, 0.02331911
425, 0.0115, 778, 0.02259426
426, 0.012, 779, 0.02167921
427, 0.01215, 780, 0.02121993
428, 0.01245, 781, 0.02091708
429, 0.01295, 782, 0.02121035
430, 0.013, 783, 0.02160025
431, 0.0137, 784, 0.02203509
432, 0.01405, 785, 0.0221273
433, 0.0145, 786, 0.02207358
434, 0.0149, 787, 0.02209894
435, 0.0149, 788, 0.02166687
436, 0.016, 789, 0.0211875
437, 0.0165, 790, 0.02033669
438, 0.01705, 791, 0.01965684
439, 0.0175, 792, 0.01832611
440, 0.0182, 793, 0.01720327
441, 0.01855, 794, 0.0163154
442, 0.01885, 795, 0.01644915
443, 0.0197, 796, 0.01684893
444, 0.0204, 797, 0.01766608
445, 0.02105, , 
446, 0.0212, , 
447, 0.0217, , 
448, 0.02195, , 
449, 0.02205, , 
450, 0.02225, , 
451, 0.02265, , 
452, 0.02245, , 
453, 0.0226, , 
454, 0.0229, , 
455, 0.02265, , 
456, 0.02245, , 
457, 0.02255, , 
458, 0.02235, , 
459, 0.02175, , 
460, 0.02175, , 
461, 0.02175, , 
462, 0.0211, , 
463, 0.0216, , 
464, 0.02145, , 
465, 0.0211, , 
466, 0.02095, , 
467, 0.0209, , 
468, 0.02125, , 
469, 0.02095, , 
470, 0.0211, , 
471, 0.02145, , 
472, 0.02115, , 
473, 0.0212, , 
474, 0.0222, , 
475, 0.02235, , 
476, 0.0223, , 
477, 0.0229, , 
478, 0.02345, , 
479, 0.0239, , 
480, 0.02435, , 
481, 0.02505, , 
482, 0.02595, , 
483, 0.0265, , 
484, 0.02745, , 
485, 0.02825, , 
486, 0.02925, , 
487, 0.03015, , 
488, 0.0314, , 
489, 0.03255, , 
490, 0.03375, , 
491, 0.03525, , 
492, 0.0367, , 
493, 0.03805, , 
494, 0.03955, , 
495, 0.04125, , 
496, 0.04255, , 
497, 0.04415, , 
498, 0.04575, , 
499, 0.04785, , 
500, 0.0496, , 
501, 0.05115, , 
502, 0.0531, , 
503, 0.05495, , 
504, 0.05675, , 
505, 0.05895, , 
506, 0.06145, , 
507, 0.0637, , 
508, 0.06615, , 
509, 0.0692, , 
510, 0.0725, , 
511, 0.0757, , 
512, 0.07945, , 
513, 0.08385, , 
514, 0.0883, , 
515, 0.09315, , 
516, 0.099, , 
517, 0.10495, , 
518, 0.11115, , 
519, 0.118, , 
520, 0.12605, , 
521, 0.1338, , 
522, 0.1417, , 
523, 0.15105, , 
524, 0.1602, , 
525, 0.16915, , 
526, 0.1788, , 
527, 0.18875, , 
528, 0.19845, , 
529, 0.2079, , 
530, 0.21765, , 
531, 0.22705, , 
532, 0.23575, , 
533, 0.24425, , 
534, 0.2523, , 
535, 0.2593, , 
536, 0.26585, , 
537, 0.27205, , 
538, 0.27765, , 
539, 0.2822, , 
540, 0.2866, , 
541, 0.2908, , 
542, 0.29395, , 
543, 0.29725, , 
544, 0.3008, , 
545, 0.30435, , 
546, 0.30785, , 
547, 0.3124, , 
548, 0.31765, , 
549, 0.3238, , 
550, 0.33055, , 
551, 0.33955, , 
552, 0.3495, , 
553, 0.36105, , 
554, 0.37425, , 
555, 0.38985, , 
556, 0.4069, , 
557, 0.426, , 
558, 0.448, , 
559, 0.47165, , 
560, 0.4971, , 
561, 0.5252, , 
562, 0.55545, , 
563, 0.5871, , 
564, 0.6195, , 
565, 0.65345, , 
566, 0.68855, , 
567, 0.72345, , 
568, 0.7586, , 
569, 0.7938, , 
570, 0.8281, , 
571, 0.86055, , 
572, 0.8911, , 
573, 0.91945, , 
574, 0.94385, , 
575, 0.9641, , 
576, 0.9807, , 
577, 0.99255, , 
578, 0.99855, , 
579, 0.9992, , 
580, 0.9951, , 
581, 0.9845, , 
582, 0.96765, , 
583, 0.94635, , 
584, 0.91965, , 
585, 0.8879, , 
586, 0.8522, , 
587, 0.8136, , 
588, 0.77135, , 
589, 0.72695, , 
590, 0.68145, , 
591, 0.63515, , 
592, 0.58795, , 
593, 0.54175, , 
594, 0.49715, , 
595, 0.45345, , 
596, 0.41135, , 
597, 0.3719, , 
598, 0.33495, , 
599, 0.3001, , 
600, 0.268, , 
601, 0.23835, , 
602, 0.2109, , 
603, 0.1863, , 
604, 0.1642, , 
605, 0.14475, , 
606, 0.1265, , 
607, 0.1106, , 
608, 0.09655, , 
609, 0.08395, , 
610, 0.07285, , 
611, 0.06335, , 
612, 0.05505, , 
613, 0.04745, , 
614, 0.04085, , 
615, 0.0356, , 
616, 0.03055, , 
617, 0.02595, , 
618, 0.02275, , 
619, 0.0196, , 
620, 0.0166, , 
621, 0.0144, , 
622, 0.01275, , 
623, 0.0109, , 
624, 0.00895, , 
625, 0.0081, , 
626, 0.0069, , 
627, 0.0058, , 
628, 0.00515, , 
629, 0.0047, , 
630, 0.00405, , 
631, 0.00315, , 
632, 0.00285, , 
633, 0.0027, , 
634, 0.00195, , 
635, 0.00195, , 
636, 0.00175, , 
637, 0.0015, , 
638, 0.00105, , 
639, 0.00125, , 
640, 0.00125, , 
641, 0.0008, , 
642, 0.0006, , 
643, 0.00095, , 
644, 0.00055, , 
645, 0.0003, , 
646, 0.00065, , 
647, 0.0008, , 
648, 0.0003, , 
649, 0.0004, , 
650, 0.0007, , 
