# Texas Red® dextran/H 2 O

#source[lifetime]: http://www.iss.com/resources/reference/data_tables/LifetimeDataFluorophores.html
#source[ext ceof]: http://en.wikipedia.org/wiki/Texas_Red
#siurce[Q0]: speculations--> speculation

Q0 0.9
extcoeffv 85000
tauf 4200

# wl,ex, wl,em,Data copyright Molecular Probes 
400,1.964888826,575,3.499425551
401,1.942716296,576,3.843104738
402,1.961756879,577,4.389069741
403,2.018511755,578,5.155926524
404,2.045560488,579,5.930983096
405,2.021459863,580,6.920636047
406,2.086989199,581,8.035056017
407,2.112235194,582,9.332445121
408,2.107420537,583,10.75774551
409,2.150820097,584,12.39179724
410,2.189269991,585,14.13875027
411,2.226397667,586,16.21384455
412,2.256076296,587,18.77373569
413,2.311416548,588,21.52871772
414,2.342305679,589,24.5586068
415,2.402361123,590,27.71706669
416,2.379565799,591,31.07779557
417,2.446193023,592,34.66377117
418,2.472802024,593,38.52713079
419,2.521216566,594,42.72207842
420,2.591411642,595,47.10804403
421,2.627813155,596,51.72490782
422,2.623612189,597,56.13209911
423,2.691100744,598,60.50030616
424,2.715496861,599,65.15608764
425,2.752759996,600,69.48404969
426,2.697469664,601,74.01114958
427,2.752805887,602,77.90176649
428,2.785153953,603,81.34924711
429,2.761624693,604,84.98050219
430,2.660132814,605,88.51824239
431,2.658101604,606,91.96357093
432,2.6054328,607,95.12571359
433,2.618172986,608,96.62355937
434,2.579586066,609,98.04128926
435,2.551060359,610,98.81204652
436,2.520861677,611,99.49966245
437,2.550067868,612,99.92102911
438,2.459296487,613,99.79405526
439,2.463791534,614,100
440,2.384552814,615,99.2531459
441,2.389304813,616,97.79325298
442,2.352531771,617,96.70081693
443,2.335770861,618,94.88876826
444,2.321119023,619,92.97029566
445,2.269000238,620,91.15822136
446,2.254709165,621,89.11367645
447,2.203449446,622,86.33746252
448,2.259431267,623,84.29187918
449,2.250541341,624,81.87433427
450,2.252379268,625,79.24358915
451,2.253904733,626,76.89700111
452,2.222867171,627,74.77954746
453,2.234287756,628,72.24399499
454,2.191903168,629,70.12529617
455,2.241253579,630,67.30656523
456,2.219705173,631,65.06416704
457,2.20077373,632,62.57129873
458,2.241261613,633,59.61422585
459,2.222806013,634,58.05404018
460,2.202758144,635,55.62341737
461,2.182156058,636,53.50881836
462,2.21443127,637,51.86247457
463,2.187969623,638,50.11207071
464,2.134127059,639,48.56742786
465,2.127437005,640,46.94602357
466,2.190355493,641,45.38960297
467,2.19835234,642,43.96343266
468,2.138254669,643,42.49818896
469,2.179733615,644,41.02874869
470,2.178084842,645,40.09216404
471,2.16198229,646,39.04505896
472,2.155589467,647,38.01386052
473,2.235280329,648,37.00413113
474,2.256351561,649,35.99170492
475,2.284544465,650,35.16004159
476,2.298219758,651,34.37165422
477,2.417953552,652,33.71030813
478,2.402568202,653,33.36414344
479,2.467380521,654,32.6922356
480,2.54015896,655,32.79021886
481,2.598860129,656,32.08014075
482,2.747326622,657,32.01771995
483,2.840930272,658,31.84865226
484,2.894734677,659,31.303305
485,3.103102609,660,31.20702506
486,3.177644634,661,31.23613169
487,3.312995528,662,31.00435136
488,3.536690134,663,31.16068968
489,3.804607857,664,31.39626151
490,3.948785685,665,30.87262636
491,4.188159779,666,30.54790533
492,4.423417952,667,30.10149536
493,4.579500891,668,30.10401967
494,4.830829861,669,29.80994622
495,5.057819575,670,29.69941985
496,5.331386386,671,29.23433951
497,5.660118295,672,28.61970657
498,5.889537334,673,28.43982399
499,6.145206007,674,28.14574558
500,6.382755405,675,27.63559761
501,6.531121248,676,27.22321524
502,6.826711131,677,26.33752752
503,7.058192506,678,25.99852177
504,7.166169146,679,25.49668676
505,7.356041849,680,24.7269626
506,7.719159961,681,24.48453178
507,7.859959511,682,24.00624761
508,8.199890773,683,23.43184558
509,8.347434021,684,22.68457842
510,8.501053088,685,22.03003628
511,8.794428726,686,21.74724515
512,9.039947075,687,20.75304722
513,9.216588483,688,20.26730374
514,9.405568574,689,19.798932
515,9.731539348,690,18.98735798
516,10.0293763,691,18.26947086
517,10.36779209,692,17.78740703
518,10.67015276,693,17.30974362
519,11.08161734,694,16.67854942
520,11.52614094,695,16.17739374
521,12.02985429,696,15.70116063
522,12.50322607,697,15.08991802
523,13.10456736,698,14.30231037
524,13.67962179,699,13.95983362
525,14.33435944,700,13.56721189
526,14.94045736,701,12.95778652
527,15.73321018,702,12.55983395
528,16.51198293,703,11.76905033
529,17.35465113,704,11.45871284
530,18.13261016,705,10.82404301
531,19.01000344,706,10.28269959
532,19.92722254,707,10.19478052
533,20.90467564,708,9.763329517
534,22.04023074,709,9.444854321
535,23.07554591,710,9.087302151
536,24.13908638,711,8.593653881
537,25.3133118,712,8.386020149
538,26.35381635,713,8.051249106
539,27.18169801,714,7.97366782
540,28.2384542,715,7.742803602
541,28.99874122,716,7.564052738
542,29.74090466,717,7.391318067
543,30.31972609,718,7.331610274
544,30.89888719,719,7.116180071
545,31.53621938,720,6.999459485
546,31.84442625,721,6.816702299
547,32.08089786,722,6.681355236
548,32.27871244,723,6.533034713
549,32.09552007,724,6.441190234
550,32.49073273,725,6.128741663
551,32.41182416,726,6.079610818
552,32.3929748,727,5.921175781
553,32.47196935,728,5.81708283
554,32.36921306,729,5.52040169
555,32.48485405,730,5.660977508
556,32.33534087,731,5.282174484
557,32.47461408,732,5.291075812
558,32.54799527,733,5.135018916
559,32.83312178,734,4.942955983
560,33.26656828,735,5.045577668
561,33.74560192,736,4.77295896
562,34.36134068,737,4.737324148
563,35.12482289,738,4.584921836
564,36.07287937,739,4.6162716
565,37.14715194,740,4.53353406
566,38.23833024,741,4.444353993
567,39.82371145,742,4.341855012
568,41.41618377,743,4.138009419
569,43.13730202,744,4.186815906
570,45.0982741,745,4.120782598
571,47.2631453,746,3.959674499
572,49.64624169,747,3.843548567
573,52.20199214,748,3.748843965
574,54.79357776,749,3.928046173
575,57.87401797,750,3.67476919
576,60.69971989
577,63.55981716
578,66.70848662
579,69.97893219
580,73.2368994
581,76.55595991
582,79.94039402
583,83.04358723
584,85.93985873
585,88.77389429
586,91.83307851
587,93.85774619
588,95.89874898
589,97.97557117
590,99.33853117
591,99.62605351
592,100
593,99.90960134
594,99.08556387
595,97.66733137
596,95.82491757
597,93.1210863
598,90.65395496
599,86.96404958
600,83.6411767
601,79.55789241
602,75.86964897
603,71.64852536
604,66.91678163
605,62.18254175
606,56.74473389
607,52.3628491
608,48.16906143
609,44.18184034
610,40.09773919
611,36.14425524
612,32.56902236
613,28.75026608
614,25.42923683
615,22.65703497
616,20.22050947
617,17.8505793
618,15.68783502
619,13.84527799
620,12.23342878
621,10.58268001
622,9.281350398
623,8.127362375
624,7.202232869
625,6.210717065
626,5.41814321
627,4.576915064
628,3.91138384
629,3.258472157
630,2.869327227
